0,0.2380952427581865,1.8941905425519359,0.2727272801778533,1.8578884601593018
1,0.25850340663170329,1.8362113748277937,0.2727272801778533,1.8244274746287952
2,0.26870749100130431,1.7916488647460938,0.48484850200739776,1.764084902676669
3,0.37074831188941487,1.7174151649280471,0.51515152508562256,1.7052468278191306
4,0.41496599936971856,1.6209072044917516,0.48484850200739776,1.5895674445412376
5,0.50680273345538551,1.4796216536541373,0.5454545752568678,1.4304801767522639
6,0.4761904903820583,1.3761088422366552,0.57575759020718664,1.2642681165175005
7,0.50000001338063449,1.2504000712414176,0.60606061870401551,1.1204363324425437
8,0.59183674898682803,1.1319946464227171,0.63636364178224047,1.0849857980554753
9,0.61904764418699298,1.0499973138984369,0.69696971503171057,1.1218349825252185
10,0.62244900392026314,1.0071770816433185,0.69696971503171057,0.95121675729751587
11,0.64285715867061999,0.97179492639035592,0.60606062412261963,1.0811918106946079
12,0.63945580501945654,0.97492310830524986,0.60606061870401551,0.90814963254061609
13,0.66326532315234754,0.85672569153260214,0.60606061870401551,1.1595048145814375
14,0.64625852570241815,0.88581053699765888,0.60606061870401551,1.1917928782376377
15,0.65986395976981338,0.85147622653416222,0.63636366345665674,0.84084818579933862
16,0.73129253728049137,0.77919692530923956,0.84848485751585523,0.78729451244527648
17,0.7380952591798744,0.71613183678412928,0.72727274352853943,0.83931838382374158
18,0.74149661648030185,0.71101144381931847,0.75757578828118066,0.78737642548301001
19,0.761904779745608,0.65361931007735585,0.78787881135940552,0.79020552201704541
20,0.74829933351399947,0.66330824701153501,0.66666667569767346,0.8519840023734353
21,0.76190478217845059,0.62068727551674352,0.81818183443763037,0.76005008003928443
22,0.76530614677740605,0.60736800395712565,0.72727275978435169,0.78287216208197852
23,0.80272110992548418,0.5425926106316703,0.72727275978435169,0.72160987691445788
24,0.84013607793924761,0.52509986989352164,0.81818183443763037,0.70649928938258777
25,0.79931975140863532,0.54071037836220803,0.75757578286257654,0.70678001642227173
26,0.81632655737351401,0.50451890181521986,0.84848485751585523,0.64839223027229309
27,0.8401360755064049,0.44601995178631376,0.75757578828118066,0.74005668813532044
28,0.80952382817560309,0.47311586932260163,0.78787880052219739,0.63427595387805591
29,0.80612247087517563,0.5379582926326868,0.81818183443763037,0.61322100054134021
30,0.85034015713905797,0.46379159178052631,0.78787881677800964,0.66313832185485144
31,0.81292518304318795,0.46956289544397473,0.8787878805940802,0.60449447956952185
32,0.84693879497294522,0.42842333718222014,0.84848485751585523,0.69439314712177624
33,0.83333335360702199,0.41349833078530368,0.81818183443763037,0.84724690697409888
34,0.83673471577313485,0.49788297925676617,0.66666668111627747,1.3063203421506016
35,0.80952383304128839,0.49139906040259768,0.78787880052219739,0.72150821848349134
36,0.89115648488609156,0.35848656722477507,0.81818182901902636,0.71994273229078809
37,0.84353743280683247,0.44741763995618239,0.75757577744397253,0.75015868923880835
38,0.88095239717133189,0.37822945628847393,0.84848487377166748,0.67490743507038464
39,0.86054423633886845,0.3576399756937611,0.66666667027906934,0.73787123506719421
40,0.85034015713905797,0.39055491223627209,0.72727275436574768,0.83595899018374353
41,0.84353743280683247,0.40542699457431325,0.81818182901902636,0.63087210059165955
42,0.91836736396867402,0.29150324459282717,0.81818182901902636,0.62582443790002307
43,0.90136056286948063,0.27179401193042191,0.8787878805940802,0.65547512878071179
44,0.89795920191978917,0.27180437287505793,0.8787878805940802,0.7031858671795238
45,0.9115646396364484,0.26758004595734636,0.75757577744397253,0.64650873704390088
46,0.93197280533459725,0.23150102976633577,0.84848485751585523,0.57410963015122851
47,0.93197280046891195,0.22440406756133449,0.7878788059408014,1.0178005424412815
48,0.90476192260275079,0.26890097163161453,0.81818182901902636,0.75158182057467371
49,0.91496600180256127,0.23245851741153367,0.69696973128752271,0.84712774103338073
50,0.9115646445021337,0.26865268498659134,0.84848485209725122,0.60098950429396192
51,0.92857144316848439,0.23556689583525367,0.8787878805940802,0.59994979067282239
52,0.95238096130137539,0.17819490481396111,0.90909090909090906,0.60905203494158655
53,0.94217688453440762,0.19022789323816494,0.78787881135940552,0.65479621562090784
54,0.92176872613478678,0.21457267354945747,0.81818183443763037,0.56612073020501574
55,0.93537416020218211,0.1962166525689619,0.84848485209725122,0.68827886473048816
56,0.92857144316848439,0.18637883465509025,0.81818182901902636,0.61992384086955676
57,0.9523809637342181,0.15723368373452401,0.75757578286257654,0.77637907591733069
58,0.9285714407356418,0.18789880981250684,0.81818182360042224,0.70506689494306396
59,0.96938776240056879,0.15315433781670065,0.90909090909090906,0.57962221990932117
60,0.90136055313811014,0.29268966466948693,0.66666668653488159,0.97535947236147791
61,0.90136055800379544,0.27235414255030299,0.81818182360042224,0.62928387522697449
62,0.9523809637342181,0.16082494173731124,0.87878789684989234,0.78073169426484545
63,0.96258504293402847,0.14368640829105767,0.78787880052219739,0.67477060448039661
64,0.96598640266729863,0.13511736489528295,0.8787878805940802,0.61805435473268677
65,0.95578232346748815,0.12103381319617738,0.81818182901902636,0.65593337741765112
66,0.94897960278452664,0.14411954338453253,0.84848487377166748,0.77996508099816064
67,0.96938776240056879,0.1112444473582567,0.81818182901902636,0.7259929315610365
68,0.95918368320075831,0.11900503728158619,0.81818185069344262,0.74252170866185974
69,0.96598640023445592,0.12734097424818544,0.84848485209725122,0.69933278723196546
70,0.95238096130137539,0.13058186976277097,0.78787880052219739,0.71130443432114343
71,0.97278911970099624,0.092737920886399788,0.7878788059408014,0.68731396306644787
72,0.96258504293402847,0.10148103971792176,0.87878788601268421,0.62733474238352338
73,0.96258504293402847,0.096140623396756691,0.81818182360042224,0.76527203754945239
74,0.97959184160037915,0.091559083391056992,0.78787880052219739,0.95714630322022876
75,0.97278911970099624,0.08874980846838075,0.7878788059408014,0.74104413119229406
76,0.97959184160037915,0.079854825910712995,0.87878788601268421,0.6578966921026056
77,0.97619048186710899,0.10174602446887566,0.81818182901902636,0.69288192553953687
78,0.95578232346748815,0.14392622686656459,0.81818182901902636,0.97952542216940364
79,0.94217688453440762,0.19562943294948462,0.8787878805940802,0.72281432287259539
80,0.90816328233602095,0.23476436483312627,0.7878788059408014,0.74051358483054419
81,0.92176872370194418,0.20476191977457125,0.84848485209725122,0.85460329597646545
82,0.96258504050118587,0.12211683506564218,0.81818182901902636,0.81681937792084436
83,0.94897960156810524,0.14392884311323262,0.75757577744397253,0.94653030417182227
84,0.96598640266729863,0.10840949438968484,0.84848485209725122,0.70224714888767759
85,0.96598640266729863,0.099011983052466293,0.8787878805940802,0.73300413110039453
86,0.98639456106691947,0.087344733146446932,0.78787880052219739,0.85955407944592566
87,0.98299320133364931,0.05358341315343064,0.78787880052219739,0.91299344396049331
88,0.97278912213383884,0.083277073061587853,0.8787878805940802,0.62673466720364313
89,0.97619048186710899,0.084883772559007822,0.81818182901902636,0.78763698447834363
90,0.99319728053345968,0.059848053043480127,0.87878789684989234,0.76700354909354995
91,0.98299320133364931,0.087279933485753677,0.81818183443763037,0.7632278393615376
92,0.99319728053345968,0.053910002511526854,0.81818182360042224,0.89443116431886505
93,0.98979592080018963,0.051250049806371024,0.84848485209725122,0.89965551549738099
94,0.97959184160037915,0.070161237780536928,0.84848485751585523,0.72067329829389404
95,0.98299320133364931,0.077320402184007125,0.90909090909090906,0.80691726641221484
96,0.97278911970099624,0.083037963536168852,0.69696973128752271,1.0148213343186812
97,0.93877551993545216,0.20273546479186233,0.69696971232240845,1.1791866259141401
98,0.87074831553867882,0.34964595468980925,0.84848487377166748,0.71849665316668421
99,0.96598640023445592,0.12990813470464579,0.81818182901902636,1.0662920678203756
100,0.96258504293402847,0.10053516104247193,0.72727275436574768,0.72059032591906458
101,0.94557824183483508,0.16114877825792956,0.84848485751585523,0.67030845176089893
102,0.96258504050118587,0.12312981782823193,0.84848485209725122,0.72741869904778222
103,0.96598640145087733,0.11743881618033866,0.84848485751585523,0.66832525892691175
104,0.97619048186710899,0.1011506977434061,0.81818182360042224,0.8449946289712732
105,0.97619048186710899,0.085576740226575312,0.81818183443763037,0.70172434232451697
106,0.96598640266729863,0.10823583770163205,0.75757577744397253,0.9352830214933916
107,0.97278912213383884,0.099793792987356383,0.81818182901902636,0.94999632442539383
108,0.96938775996772608,0.084991240218205713,0.81818182901902636,0.77909638935869385
109,0.99319728053345968,0.038497421049455902,0.81818183443763037,0.69096253676847974
110,0.98299320133364931,0.078204559946280658,0.84848485209725122,0.77704981071027845
111,0.99659864026672984,0.02861356584127156,0.8787878805940802,0.66586252234198828
112,0.98299320133364931,0.048934056537643988,0.81818182360042224,0.99820673601193866
113,0.98979592080018963,0.039635362802073359,0.81818182901902636,0.93095345930619677
114,0.98299320133364931,0.048319576897335292,0.78787880052219739,0.86576716737313708
115,0.99659864026672984,0.040630075168244691,0.90909090909090906,0.71719261326573114
116,0.98299320133364931,0.049484133596855162,0.81818182901902636,0.72383532469922851
117,0.97619048186710899,0.083295955933269342,0.81818183443763037,0.76480654152956873
118,0.98979592080018963,0.04367146570691649,0.84848485751585523,0.74115583165125409
119,0.99659864026672984,0.027899787514185419,0.75757577744397253,1.0320139825344086
120,0.99659864026672984,0.029707973775434857,0.78787880052219739,1.029064418240027
121,0.98639456106691947,0.054947185111517201,0.81818182901902636,0.88152746856212616
122,1.0,0.030222063836622601,0.81818182901902636,0.95533204891464929
123,0.99319728053345968,0.035041011152408867,0.81818182901902636,0.91282750835472892
124,0.99319728053345968,0.030911322298212623,0.87878789684989234,0.83498723584819923
125,0.99319728053345968,0.034562403607011148,0.7878788059408014,0.7932761663740332
126,0.99319728053345968,0.027857611416744029,0.75757577744397253,0.96885900605808606
127,0.98979592080018963,0.0377870748931428,0.78787880052219739,0.96643761342222045
128,0.97619048186710899,0.082329831029079398,0.87878790226849646,0.58321960947730322
129,1.0,0.04168531245418957,0.90909090909090906,0.60575533658266068
130,0.98979592080018963,0.043412071588563222,0.84848485209725122,0.60944277589971374
131,0.98979592080018963,0.030122614597512067,0.84848485209725122,0.76554131507873535
132,0.96938776240056879,0.07980973972957961,0.90909090909090906,0.73521632667292247
133,0.96598640023445592,0.10496472594166668,0.87878789684989234,0.74686526710336854
134,0.98299320133364931,0.067739181885761876,0.87878789684989234,0.8095023090189154
135,0.99319728053345968,0.041457229906845153,0.81818182360042224,0.8628050620582971
136,0.99659864026672984,0.023910257898803269,0.84848485209725122,0.70963854342699051
137,1.0,0.018075614998934373,0.84848485209725122,0.82136955992742022
138,1.0,0.012661626853514463,0.84848485209725122,0.76632517881014128
139,0.99659864026672984,0.025406589351442396,0.87878789684989234,0.80591680820692668
140,0.99319728053345968,0.034932201490642467,0.81818182360042224,0.82379679449579934
141,0.99319728053345968,0.028596234682481736,0.81818182360042224,0.91070828349752864
142,0.98639456106691947,0.026689998937381089,0.7878788059408014,0.84811763059009204
143,1.0,0.017351195824389556,0.84848485209725122,1.0925588861785152
144,0.98299320133364931,0.060644634296091238,0.8787878805940802,0.69841811602765869
145,0.99319728053345968,0.036358872485556165,0.75757577744397253,1.1532297513701699
146,1.0,0.022458736306621825,0.8787878805940802,0.77997235852209001
147,0.99319728053345968,0.018747270064504475,0.8787878805940802,0.86368478292768647
148,0.99319728053345968,0.021475474388167565,0.7878788059408014,1.1198534857143054
149,0.99319728053345968,0.01816108058757928,0.81818182901902636,0.89260975881056348
150,0.98979592080018963,0.034898282469152851,0.84848485209725122,0.95758847485889087
151,1.0,0.006454856265621374,0.84848485209725122,0.82953512871807267
152,0.99659864026672984,0.02470481033170862,0.81818182901902636,0.86847654255953699
153,0.96938775996772608,0.097460445249453187,0.84848487377166748,1.0741357521407984
154,0.93197280290175455,0.17069842455414486,0.84848485751585523,0.67990306832573633
155,0.94217687966872232,0.17757411901744044,0.84848485209725122,0.98334163698283106
156,0.91836736153583143,0.26831200488900042,0.75757578286257654,1.1970716606486926
157,0.95578232346748815,0.13100673092947324,0.84848485209725122,0.68516918204047461
158,0.91836736153583143,0.23363148896213698,0.72727275436574768,1.0920900973406704
159,0.96258504050118587,0.11276254092096066,0.84848485751585523,0.51725584268569946
160,0.96598640266729863,0.11729066756230835,0.84848486835306336,0.60471999577500601
161,0.97278912213383884,0.060704622208615958,0.8181818452748385,0.75701225887645374
162,0.98979592080018963,0.038446491432129123,0.8181818452748385,0.6428534280170094
163,1.0,0.023471892507252644,0.84848485209725122,0.67016273804686288
164,0.99659864026672984,0.024726865200173795,0.90909092534672131,0.64367011731321166
165,1.0,0.016605826370342046,0.81818182901902636,0.72838586975227704
166,1.0,0.010485025607429596,0.81818182901902636,0.70211266861720523
167,0.99319728053345968,0.036534928108508488,0.81818182901902636,0.82748561013828625
168,0.98979592080018963,0.027863793305539508,0.81818182901902636,0.68455542217601428
169,0.99319728053345968,0.032878879595509898,0.81818182901902636,0.77669765597040008
170,0.98979592080018963,0.031296189355293325,0.81818182901902636,0.79411734471266915
171,0.99319728053345968,0.027394206020791009,0.84848485209725122,0.72090428932146589
172,0.98979592080018963,0.06600773923707251,0.78787880052219739,0.94535021619363269
173,0.98979592080018963,0.026011535707785159,0.81818182901902636,0.85773435505953699
174,0.98299320133364931,0.053768874583195667,0.81818182901902636,0.9485761245543306
175,0.98979592080018963,0.032448097961308549,0.84848485209725122,0.85542127083648334
176,1.0,0.018589295620307783,0.8787878805940802,0.67789514972404996
177,0.98639456106691947,0.034286208535135934,0.84848485209725122,0.76783742281523615
178,0.99319728053345968,0.02504946932800076,0.8787878805940802,0.64743384989825159
179,1.0,0.0086793598400580936,0.81818182360042224,0.75453939695249905
180,0.99659864026672984,0.015691756254195104,0.8787878805940802,0.73540982942689548
181,1.0,0.018525092819781631,0.81818182901902636,0.8352361050519076
182,0.99659864026672984,0.016221050771751573,0.81818182901902636,0.82345963743599981
183,1.0,0.0083764167787621219,0.8787878805940802,0.77148239246823569
184,1.0,0.0054403037015153853,0.8787878805940802,0.76780559359626332
185,1.0,0.0054474897389846606,0.84848485209725122,0.7787043994123285
186,1.0,0.0097454693869269467,0.84848485209725122,0.85134560411626647
187,1.0,0.011037511060879166,0.8787878805940802,0.67659380456263374
188,1.0,0.0061469953055778631,0.8787878805940802,0.70173682882027189
189,0.99659864026672984,0.0059529338233952163,0.84848485209725122,0.75332445448095153
190,0.98639456106691947,0.04090181849683084,0.90909092534672131,0.59664133462038904
191,0.99319728053345968,0.037177694466663525,0.84848485209725122,0.80108140138062567
192,0.99319728053345968,0.027064112761076922,0.90909090909090906,0.69240893694487482
193,0.98639456106691947,0.031273217627075404,0.6969697258689187,1.5916382236914202
194,0.95578232346748815,0.11352731153958154,0.84848485209725122,0.63487849790941586
195,0.96938776240056879,0.088191785773604495,0.81818182360042224,0.9731406393376264
196,0.99319728053345968,0.02749972404527231,0.7878788059408014,0.80636361783201049
197,0.99659864026672984,0.022621310491837104,0.69696973128752271,1.1255707794969732
198,0.97959184160037915,0.061862353197470001,0.84848485209725122,0.89212251251394104
199,0.98299320133364931,0.055403998976915468,0.84848485209725122,1.241475241089409
