0,0.22108843861793986,1.9144880941935949,0.2727272801778533,1.8642463250593706
1,0.25170068686105768,1.8546537136544987,0.2727272801778533,1.8300513570958918
2,0.25170068777337368,1.830654119958683,0.2727272801778533,1.8290296142751521
3,0.25170068503642568,1.830529631400595,0.2727272801778533,1.8303392150185325
4,0.25170068534053103,1.832309912662117,0.2727272801778533,1.8304163976149126
5,0.20408163599821985,1.8340592335681527,0.2727272801778533,1.8297379450364546
6,0.25170068868568968,1.8274498521065226,0.2727272801778533,1.8297427134080366
7,0.25170068746926832,1.8297069753919328,0.2727272801778533,1.8358939777721057
8,0.25170068746926832,1.8316708146309366,0.2727272801778533,1.832066384228793
9,0.25170068655695232,1.8228757527409767,0.2727272801778533,1.8276105252179233
10,0.25170068594874168,1.82400267464774,0.2727272801778533,1.8298128734935413
11,0.25170068777337368,1.8230160839703617,0.2727272801778533,1.8308191624554722
12,0.25170068564463632,1.8269584811463648,0.2727272801778533,1.8313698335127397
13,0.25170068655695232,1.8226620421117665,0.2727272801778533,1.8329650488766758
14,0.25170068594874168,1.8240275115382916,0.2727272801778533,1.8338418765501543
15,0.25170068716516303,1.8222659996577673,0.2727272801778533,1.8366116827184504
16,0.25170068655695232,1.8223050784091561,0.2727272801778533,1.8351357850161465
17,0.25170068564463632,1.82379776117753,0.2727272801778533,1.8358079520138828
18,0.25170068534053103,1.8255041594407997,0.2727272801778533,1.8353217515078457
19,0.25170068534053103,1.8225110453002307,0.2727272801778533,1.8339069973338733
20,0.25170068564463632,1.8253021434861787,0.2727272801778533,1.8341429233551025
21,0.25170068716516303,1.8229536523624343,0.2727272801778533,1.8348588943481445
22,0.25170068746926832,1.826816692644236,0.2727272801778533,1.8351955630562522
23,0.25170068686105768,1.8222980377625446,0.2727272801778533,1.8343982913277366
24,0.25170068716516303,1.8232281354008888,0.2727272801778533,1.8347452770579944
25,0.25170068594874168,1.824287463207634,0.2727272801778533,1.8338818983598189
26,0.25170068594874168,1.8247703800396042,0.2727272801778533,1.8341547792608088
27,0.25170068564463632,1.8233521665845598,0.2727272801778533,1.8354918089779941
28,0.25170068807747897,1.8236827850341797,0.2727272801778533,1.8352330597964199
29,0.25170068564463632,1.823686458626572,0.2727272801778533,1.834654612974687
30,0.25170068746926832,1.8238510890882842,0.2727272801778533,1.8352291584014893
31,0.25170068594874168,1.8235752874491167,0.2727272801778533,1.8340332291342996
32,0.25170068746926832,1.8228512686126086,0.2727272801778533,1.8339798667214133
33,0.25170068564463632,1.8234143451768525,0.2727272801778533,1.834058317271146
34,0.25170068686105768,1.8246297495705741,0.2727272801778533,1.8348315412347966
35,0.25170068838158433,1.8223927994163669,0.2727272801778533,1.8352612690492109
36,0.25170068686105768,1.8242761164295429,0.2727272801778533,1.8343391201712869
37,0.25170068564463632,1.8211708968999434,0.2727272801778533,1.8345057747580789
38,0.25170068746926832,1.8203938250639,0.2727272801778533,1.8339293653314763
39,0.25170068716516303,1.8238040087174396,0.2727272801778533,1.8343114636161111
40,0.25170068716516303,1.8224527568233257,0.2727272801778533,1.8349586075002497
41,0.25170068564463632,1.8246093234237359,0.2727272801778533,1.8342188596725464
42,0.25170068868568968,1.8225323618674765,0.2727272801778533,1.834022045135498
43,0.25170068686105768,1.8235526328184166,0.2727272801778533,1.8344140269539573
44,0.25170068746926832,1.8248489438271036,0.2727272801778533,1.8344153924421831
45,0.25170068564463632,1.821005174091884,0.2727272801778533,1.8337559049779719
46,0.25170068412410967,1.8228817229368248,0.2727272801778533,1.8339573686773127
47,0.25170068838158433,1.8242525446171662,0.2727272801778533,1.8333058573982932
48,0.25170068655695232,1.8237026564928951,0.2727272801778533,1.8330820257013494
49,0.25170068473232038,1.8198969510136818,0.2727272801778533,1.8336840759624133
50,0.25170068473232038,1.8203009804900812,0.2727272801778533,1.8339728008617053
51,0.25170068594874168,1.8217168316549184,0.2727272801778533,1.833766146139665
52,0.25170068473232038,1.8233614892375714,0.2727272801778533,1.8334499489177356
53,0.25170068655695232,1.818703765771827,0.2727272801778533,1.8323256319219416
54,0.25170068564463632,1.8229424637191149,0.2727272801778533,1.8325334895740857
55,0.25170068655695232,1.8245947263678726,0.2727272801778533,1.8332659656351262
56,0.25170068686105768,1.8224227963661661,0.2727272801778533,1.8334321542219683
57,0.25170068473232038,1.8248523814337594,0.2727272801778533,1.8331259705803611
58,0.25170068777337368,1.8242853806943309,0.2727272801778533,1.8331327004866167
59,0.25170068594874168,1.82199975909019,0.2727272801778533,1.8333822380412708
60,0.25170068534053103,1.8198144533196274,0.2727272801778533,1.834237813949585
61,0.25170068746926832,1.8207126053012148,0.2727272801778533,1.8341561664234509
62,0.25170068746926832,1.8233990352980944,0.2727272801778533,1.8340735001997515
63,0.25170068382000438,1.8237337360576706,0.2727272801778533,1.8327789306640625
64,0.25170068716516303,1.8232693112626368,0.2727272801778533,1.8331827900626443
65,0.25170068594874168,1.8241035500351264,0.2727272801778533,1.8339381326328625
66,0.25170068655695232,1.8208421347092609,0.2727272801778533,1.8331884362480857
67,0.25170068746926832,1.8269486913875657,0.2727272801778533,1.8329617326909846
68,0.25170068594874168,1.8199025222233363,0.2727272801778533,1.8331047296524048
69,0.25170068594874168,1.821802942120299,0.2727272801778533,1.8334307887337424
70,0.25170068746926832,1.8221795048032488,0.2727272801778533,1.833742466839877
71,0.25170068625284703,1.8202525012347164,0.2727272801778533,1.8330005298961292
72,0.25170068412410967,1.8202752166864824,0.2727272801778533,1.8332363041964443
73,0.25170068716516303,1.8220632952086779,0.2727272801778533,1.8336188468066128
74,0.25170068594874168,1.8199742375587931,0.2727272801778533,1.8331615816463123
75,0.25170068594874168,1.8209232700114348,0.2727272801778533,1.8322968699715354
76,0.25170068838158433,1.8239770592475424,0.2727272801778533,1.832497770136053
77,0.25170068625284703,1.8209791718697061,0.2727272801778533,1.8323287638750942
78,0.25170068625284703,1.8215455279058339,0.2727272801778533,1.8329966285011985
79,0.25170068594874168,1.8230450056037124,0.2727272801778533,1.8331958597356623
80,0.25170068655695232,1.8221188564689792,0.2727272801778533,1.8323902433568782
81,0.25170068412410967,1.824632318652406,0.2727272801778533,1.8319685675881126
82,0.25170068686105768,1.8231125413155069,0.2727272801778533,1.8318531079725786
83,0.25170068534053103,1.8216479797752536,0.2727272801778533,1.8317943703044544
84,0.25170068716516303,1.8227740866797311,0.2727272801778533,1.832474253394387
85,0.25170068746926832,1.8204749725302871,0.2727272801778533,1.8318390087647871
86,0.25170068442821503,1.8212712346291056,0.2727272801778533,1.8324574448845603
87,0.25170068686105768,1.8190994846577546,0.2727272801778533,1.8325614820827136
88,0.25170068746926832,1.8210727389977903,0.2727272801778533,1.8325857465917414
89,0.25170068564463632,1.8209568383742352,0.2727272801778533,1.8318124250932173
90,0.25170068503642568,1.8224498544420515,0.2727272801778533,1.8323332071304321
91,0.25170068412410967,1.8211933933958715,0.2727272801778533,1.8329334475777366
92,0.25170068594874168,1.8215086703397789,0.2727272801778533,1.8319032408974387
93,0.25170068564463632,1.822099517802803,0.2727272801778533,1.8314041874625466
94,0.25170068473232038,1.8209107068120216,0.2727272801778533,1.8315194953571667
95,0.25170068655695232,1.8227193793471979,0.2727272801778533,1.8322536078366367
96,0.25170068564463632,1.8217198702753807,0.2727272801778533,1.8327207348563455
97,0.25170068564463632,1.8223081024325625,0.2727272801778533,1.8344846747138284
98,0.25170068777337368,1.818122571828414,0.2727272801778533,1.8331975503401323
99,0.25170068564463632,1.8197007763142488,0.2727272801778533,1.8340569734573364
100,0.25170068625284703,1.8227783246916167,0.2727272801778533,1.8333829532970081
101,0.25170068655695232,1.8194837813474694,0.2727272801778533,1.8335145170038396
102,0.25170068564463632,1.8208044451110217,0.2727272801778533,1.8331727114590732
103,0.25170068473232038,1.8218497013559147,0.2727272801778533,1.8340998129411177
104,0.25170068655695232,1.8219170473059829,0.2727272801778533,1.8332362500104038
105,0.25170068473232038,1.8221312591007777,0.2727272801778533,1.8323637788945979
106,0.25170068655695232,1.8236761604036604,0.2727272801778533,1.8319157036868008
107,0.25170068716516303,1.8232027851805395,0.2727272801778533,1.8311753273010254
108,0.25170068625284703,1.8211523172806721,0.2727272801778533,1.8308559331026943
109,0.25170068442821503,1.8187916132868553,0.2727272801778533,1.8324870196255771
110,0.25170068777337368,1.8205394647559341,0.2727272801778533,1.8327320489016445
111,0.25170068594874168,1.8194929142387546,0.2727272801778533,1.832364710894498
112,0.25170068534053103,1.821091364841072,0.2727272801778533,1.8320177468386563
113,0.25170068655695232,1.8211382554501903,0.2727272801778533,1.8323306820609353
114,0.25170068686105768,1.8208556929413153,0.2727272801778533,1.8314445994117043
115,0.25170068655695232,1.8197676648899002,0.2727272801778533,1.8319842598655007
116,0.25170068503642568,1.8208828361666933,0.2727272801778533,1.8307977264577693
117,0.25170068412410967,1.8215467832526382,0.2727272801778533,1.8315251740542324
118,0.25170068686105768,1.8191907868093373,0.2727272801778533,1.8320793021808972
119,0.25170068534053103,1.8218752121438786,0.2727272801778533,1.8324487100947986
120,0.25170068594874168,1.8199912066362343,0.2727272801778533,1.8318129019303755
121,0.25170068716516303,1.8210607402178707,0.2727272801778533,1.8318506370891223
122,0.25170068746926832,1.8211881287243901,0.2727272801778533,1.831599322232333
123,0.25170068442821503,1.8171191702083664,0.2727272801778533,1.8306619904258035
124,0.25170068473232038,1.820822034563337,0.2727272801778533,1.8300505443052812
125,0.25170068686105768,1.8214949564057954,0.2727272801778533,1.8316806012933904
126,0.25170068625284703,1.8209760870252336,0.2727272801778533,1.8307762471112339
127,0.25170068594874168,1.8197788802944883,0.2727272801778533,1.8333385857668789
128,0.25170068351589903,1.8211466487573118,0.2727272801778533,1.8324069868434558
129,0.25170068473232038,1.8199977826099007,0.2727272801778533,1.8314757347106934
130,0.25170068686105768,1.8196220543919777,0.2727272801778533,1.8311102715405552
131,0.25170068625284703,1.822493205265123,0.2727272801778533,1.8321718302640049
132,0.25170068412410967,1.8202014261362505,0.2727272801778533,1.8314837650819258
133,0.25170068686105768,1.8201766573652929,0.2727272801778533,1.8308411944996228
134,0.25170068625284703,1.8218376977103097,0.2727272801778533,1.8311137719587847
135,0.25170068686105768,1.8186260778076795,0.2727272801778533,1.8306285251270642
136,0.25170068868568968,1.8199955030363433,0.2727272801778533,1.8297615701502019
137,0.25170068564463632,1.8204514226134942,0.2727272801778533,1.8290446671572598
138,0.25170068503642568,1.8195934611923841,0.2727272801778533,1.8305733745748347
139,0.25170068473232038,1.8219137191772461,0.2727272801778533,1.8304837183518843
140,0.25170068655695232,1.8204357502411823,0.2727272801778533,1.8307673714377664
141,0.25170068625284703,1.8228162697383337,0.2727272801778533,1.8300637982108376
142,0.25170068534053103,1.8186070821723159,0.2727272801778533,1.8307756835764104
143,0.25170068686105768,1.8178556597962672,0.2727272801778533,1.830705534328114
144,0.25170068534053103,1.8198023183005196,0.2727272801778533,1.8311119946566494
145,0.25170068777337368,1.8209724499254811,0.2727272801778533,1.8308976021679966
146,0.25170068777337368,1.818409656991764,0.2727272801778533,1.8310937664725564
147,0.25170068807747897,1.8201570900119082,0.2727272801778533,1.8303299058567395
148,0.25170068807747897,1.8242836144505714,0.2727272801778533,1.8304863301190464
149,0.25170068686105768,1.8206801852401422,0.2727272801778533,1.8298451900482178
150,0.25170068534053103,1.8175178814907462,0.2727272801778533,1.8294762264598499
151,0.25170068655695232,1.8191436602144826,0.2727272801778533,1.828630339015614
152,0.25170068473232038,1.8188984004818662,0.2727272801778533,1.8295128128745339
153,0.25170068625284703,1.8205511180721983,0.2727272801778533,1.8299464420838789
154,0.25170069020621633,1.8170016006547578,0.2727272801778533,1.8300971984863281
155,0.25170068534053103,1.8194904667990548,0.2727272801778533,1.8301004279743542
156,0.25170068655695232,1.817853071251694,0.2727272801778533,1.8303736773404209
157,0.25170068625284703,1.8213745477248211,0.2727272801778533,1.8312315832484851
158,0.25170068807747897,1.8183010621946685,0.2727272801778533,1.830071059140292
159,0.25170068686105768,1.8180976984452228,0.2727272801778533,1.8299151117151433
160,0.25170068625284703,1.8206519375042038,0.2727272801778533,1.8298316327008335
161,0.25170068564463632,1.8206357420707235,0.2727272801778533,1.8292686614123257
162,0.25170068625284703,1.8195806912013464,0.2727272801778533,1.830327033996582
163,0.25170068777337368,1.8236513235131089,0.2727272801778533,1.8309647928584705
164,0.25170068534053103,1.8197289437663799,0.2727272801778533,1.8290319226004861
165,0.25170068503642568,1.8184423397998422,0.2727272801778533,1.8299033858559348
166,0.25170068655695232,1.8187062740325928,0.2727272801778533,1.8298934698104858
167,0.25170068382000438,1.8174083524820757,0.2727272801778533,1.8296107920733364
168,0.25170068686105768,1.8163991460994797,0.2727272801778533,1.8293855840509587
169,0.25170068746926832,1.8183839564420738,0.2727272801778533,1.8310759717767888
170,0.25170068686105768,1.8185382667852907,0.2727272801778533,1.8308355374769731
171,0.25170068412410967,1.8194286920586411,0.2727272801778533,1.8310538855465976
172,0.25170068625284703,1.8169510413189323,0.2727272801778533,1.8301229043440386
173,0.25170068594874168,1.8195046600030393,0.2727272801778533,1.8298284357244319
174,0.25170068655695232,1.8183481304012998,0.2727272801778533,1.8301527716896751
175,0.25170068716516303,1.8196238936210165,0.2727272801778533,1.8316235325553201
176,0.25170068838158433,1.8202584762962497,0.2727272801778533,1.8302369117736816
177,0.25170068655695232,1.8170442921774728,0.2727272801778533,1.8304445851932873
178,0.25170068442821503,1.8203925551200399,0.2727272801778533,1.8307910399003462
179,0.25170068564463632,1.8203561451970314,0.2727272801778533,1.8300664750012485
180,0.25170068442821503,1.8181924041436643,0.2727272801778533,1.8302245898680254
181,0.25170068746926832,1.8185983628642803,0.2727272801778533,1.8301598375493831
182,0.25170068534053103,1.8170431828012272,0.2727272801778533,1.8309682716022839
183,0.25170068686105768,1.816805820075833,0.2727272801778533,1.8297210606661709
184,0.25170068746926832,1.818361759185791,0.2727272801778533,1.8286317261782559
185,0.25170068655695232,1.8166825309091685,0.2727272801778533,1.8285027200525457
186,0.25170068625284703,1.8186754693790359,0.2727272801778533,1.8285100026564165
187,0.25170068625284703,1.8200239210712665,0.2727272801778533,1.8302531675858931
188,0.25170068655695232,1.8182978922007036,0.2727272801778533,1.8300943916494197
189,0.25170068625284703,1.8197845780119604,0.2727272801778533,1.8290949084542014
190,0.25170068655695232,1.815468547295551,0.2727272801778533,1.8300941640680486
191,0.25170068746926832,1.8171599105912812,0.2727272801778533,1.8292272957888516
192,0.25170068503642568,1.8156070174003134,0.2727272801778533,1.8291961279782383
193,0.25170068686105768,1.8206382138388497,0.2727272801778533,1.8296453194184736
194,0.25170068716516303,1.8169505401533477,0.2727272801778533,1.8284532481973821
195,0.25170068625284703,1.8164226376280492,0.2727272801778533,1.828518802469427
196,0.25170068594874168,1.8154861708076633,0.2727272801778533,1.8286008618094705
197,0.25170068686105768,1.8176242940279903,0.2727272801778533,1.8271335580132224
198,0.25170068594874168,1.8174690519060408,0.2727272801778533,1.8272025151686235
199,0.25170068655695232,1.8176094488221772,0.2727272801778533,1.82865309715271
200,0.25170068534053103,1.819086960383824,0.2727272801778533,1.8282841877503828
201,0.25170068686105768,1.8174605320911019,0.2727272801778533,1.8285490057685159
202,0.25170068473232038,1.8180012800255601,0.2727272801778533,1.8284321698275479
203,0.25170068686105768,1.8158919859905631,0.2727272801778533,1.8285794691606001
204,0.25170068473232038,1.8181066707688935,0.2727272801778533,1.8286181796680798
205,0.25170068534053103,1.8170395189402055,0.2727272801778533,1.8293261094526811
206,0.25170068655695232,1.818573024808144,0.2727272801778533,1.8293856490742078
207,0.25170068564463632,1.8157414708818709,0.2727272801778533,1.8289819413965398
208,0.25170068625284703,1.8128709939061378,0.2727272801778533,1.8286900845440952
209,0.25170068655695232,1.8183975219726562,0.2727272801778533,1.8290811018510298
210,0.25170068442821503,1.8174379577442092,0.2727272801778533,1.8286006884141401
211,0.25170068625284703,1.8165222382058903,0.2727272801778533,1.8278743570501155
212,0.25170068534053103,1.8189743051723557,0.2727272801778533,1.8262308619239114
213,0.25170068686105768,1.8164728028433663,0.2727272801778533,1.8271221030842175
214,0.25170068473232038,1.8196705750056676,0.2727272801778533,1.8265471675179221
215,0.25170068686105768,1.8163404853976504,0.2727272801778533,1.8272841843691738
216,0.25170068594874168,1.8137956784695994,0.2727272801778533,1.8280144604769619
217,0.25170068746926832,1.8172899703590237,0.2727272801778533,1.8262637745250354
218,0.25170068746926832,1.816485662849582,0.2727272801778533,1.8265970836986194
219,0.25170068716516303,1.815240740776062,0.2727272801778533,1.8278164321726018
220,0.25170068838158433,1.8155546431638756,0.2727272801778533,1.8283864259719849
221,0.25170068655695232,1.8148198395359272,0.2727272801778533,1.8268171873959629
222,0.25170068777337368,1.8168742389095074,0.2727272801778533,1.8277913873845881
223,0.25170068777337368,1.8135703339868663,0.2727272801778533,1.826062094081532
224,0.25170068655695232,1.8145921230316162,0.2727272801778533,1.8262030428106135
225,0.25170068686105768,1.8168284406467361,0.2727272801778533,1.8259355913509021
226,0.25170068777337368,1.8142087581206341,0.2727272801778533,1.8258577043359929
227,0.25170068594874168,1.8160673696167615,0.2727272801778533,1.8259032639590176
228,0.25170068625284703,1.8152554765039561,0.2727272801778533,1.8261212327263572
229,0.25170068746926832,1.8158687669403699,0.2727272801778533,1.8264746449210427
230,0.25170068534053103,1.8151050027535887,0.2727272801778533,1.8260509317571467
231,0.25170068716516303,1.8151967914737002,0.2727272801778533,1.8275001807646318
232,0.25170068503642568,1.8147966886053279,0.2727272801778533,1.8273208466443149
233,0.25170068382000438,1.8145584841163791,0.2727272801778533,1.8271064758300781
234,0.25170068564463632,1.8135319875211131,0.2727272801778533,1.8254500952633945
235,0.25170068473232038,1.8124763187097044,0.2727272801778533,1.8265627947720615
236,0.25170068534053103,1.8157729299700991,0.2727272801778533,1.8259725353934548
237,0.25170068564463632,1.8136006788331636,0.2727272801778533,1.8246840563687412
238,0.25170068777337368,1.8138801127063984,0.2727272801778533,1.8243274146860295
239,0.25170068655695232,1.810142502492788,0.2727272801778533,1.8257093321193347
240,0.25170068534053103,1.8153605047537356,0.2727272801778533,1.8266562548550693
241,0.25170068655695232,1.8135722121413873,0.2727272801778533,1.8257133527235552
242,0.25170068564463632,1.8178546550322552,0.2727272801778533,1.8260622024536133
243,0.25170068625284703,1.8136452825701967,0.2727272801778533,1.8257562030445447
244,0.25170068442821503,1.8145726043350843,0.2727272801778533,1.8252350417050449
245,0.25170068625284703,1.8131708709561094,0.2727272801778533,1.8270155950026079
246,0.25170068716516303,1.8145793652047917,0.2727272801778533,1.8271242380142212
247,0.25170068351589903,1.8166352072540595,0.2727272801778533,1.8277203169735996
248,0.25170068564463632,1.8110826210099824,0.2727272801778533,1.8276353966106067
249,0.25170068655695232,1.8161352556578967,0.2727272801778533,1.8284323648972944
0,0.2482993198292596,1.894881743963073,0.27272727272727271,1.8245928612622349
1,0.24829931993062804,1.8456617309933616,0.27272727272727271,1.8350641438455293
2,0.25170068027210885,1.8453232787904286,0.27272727272727271,1.8376816727898337
3,0.18707483013470969,1.839503711583663,0.27272727272727271,1.8320888461488667
4,0.25170068047484573,1.8483419207488598,0.27272727272727271,1.8163933248230906
5,0.25170068047484573,1.8321141353269823,0.27272727272727271,1.8500845865769819
6,0.25170068047484573,1.8327130549618986,0.27272727272727271,1.8353113477880305
7,0.25170068047484573,1.8326804759551067,0.27272727272727271,1.8226411017504605
8,0.21428571448845118,1.8382919905137043,0.27272727272727271,1.8243598829616199
9,0.20068027231158042,1.8305096610062788,0.27272727272727271,1.8675824548258926
10,0.25170068037347731,1.8444016141956354,0.27272727272727271,1.8215314041484485
11,0.22108843537414966,1.8318055016653878,0.27272727272727271,1.8384782762238474
12,0.19047619088166426,1.8333185205654221,0.27272727272727271,1.8367706753990867
13,0.25170068037347731,1.8329116957528251,0.27272727272727271,1.8277989084070378
14,0.25170068047484573,1.8271958519812344,0.27272727272727271,1.8252155202807803
15,0.25170068047484573,1.8264423438480921,0.27272727272727271,1.8295136726263799
16,0.25170068037347731,1.8254074969259249,0.27272727272727271,1.8355272032997825
17,0.25170068037347731,1.8258953897320493,0.27272727272727271,1.8372621969743208
18,0.25170068037347731,1.8257412423892898,0.27272727272727271,1.8369920470497825
19,0.25170068047484573,1.823108128138951,0.27272727272727271,1.8358243739966191
20,0.25170068047484573,1.8255023656248235,0.27272727272727271,1.8345561063650884
21,0.25170068027210885,1.8235408335315937,0.27272727272727271,1.8346593994082827
22,0.25170068047484573,1.8233086754675625,0.27272727272727271,1.8345475160714351
23,0.25170068027210885,1.8237003063669011,0.27272727272727271,1.8341555378653787
24,0.25170068037347731,1.821957801475006,0.27272727272727271,1.833991036270604
25,0.25170068027210885,1.8220583013936775,0.27272727272727271,1.8337592861869119
26,0.25170068027210885,1.8231246601156637,0.27272727272727271,1.8332798589359631
27,0.25170068047484573,1.8252937161192602,0.27272727272727271,1.8328762018319331
28,0.25170068047484573,1.8241445993890568,0.27272727272727271,1.8327827706481472
29,0.25170068047484573,1.8245180837151145,0.27272727272727271,1.8326804059924502
30,0.25170068047484573,1.8224982631449798,0.27272727272727271,1.8322879870732625
31,0.25170068037347731,1.8232648502401754,0.27272727272727271,1.8323419635946101
32,0.25170068037347731,1.8249392914934224,0.27272727272727271,1.8323662136540269
33,0.25170068037347731,1.8253265838233792,0.27272727272727271,1.8324371287316987
34,0.25170068037347731,1.8251440930528706,0.27272727272727271,1.8320629488338123
35,0.25170068027210885,1.82226993437527,0.27272727272727271,1.831689184362238
36,0.25170068037347731,1.8229961606110034,0.27272727272727271,1.8311548522024443
37,0.25170068027210885,1.8220006332916467,0.27272727272727271,1.8310506741205852
38,0.25170068047484573,1.8225323375390501,0.27272727272727271,1.8311857888192842
39,0.25170068027210885,1.8250002390673372,0.27272727272727271,1.8314751567262593
40,0.25170068027210885,1.8254466851552327,0.27272727272727271,1.8316371802127722
41,0.25170068047484573,1.8258804910036983,0.27272727272727271,1.8318263003320405
42,0.25170068047484573,1.8236657226977706,0.27272727272727271,1.8319501515590784
43,0.25170068047484573,1.8242388485240288,0.27272727272727271,1.8320538564161821
44,0.25170068047484573,1.8231922525937865,0.27272727272727271,1.8316481438550083
45,0.25170068047484573,1.8231447756695909,0.27272727272727271,1.8314881108023904
46,0.25170068047484573,1.8214395257080493,0.27272727272727271,1.8310838576519128
47,0.25170068047484573,1.8234765059282991,0.27272727272727271,1.831385005604137
48,0.25170068027210885,1.8223000116088763,0.27272727272727271,1.831591085954146
49,0.25170068047484573,1.8249499205829336,0.27272727272727271,1.8317405816280481
50,0.25170068037347731,1.8211516020249348,0.27272727272727271,1.8316536455443411
51,0.25170068037347731,1.8191782463164556,0.27272727272727271,1.8316355221199268
52,0.25170068027210885,1.8219302568305917,0.27272727272727271,1.8315590872909084
53,0.25170068037347731,1.8243912077274451,0.27272727272727271,1.8316429239330869
54,0.25170068037347731,1.8242201310436741,0.27272727272727271,1.8319050976724336
55,0.25170068037347731,1.8214809213365828,0.27272727272727271,1.8319899746865937
56,0.25170068027210885,1.8232967342649187,0.27272727272727271,1.8319355719017261
57,0.25170068027210885,1.8232360599803277,0.27272727272727271,1.8316835562388103
58,0.25170068037347731,1.8211379018770595,0.27272727272727271,1.8313092535192317
59,0.25170068047484573,1.8221489912798616,0.27272727272727271,1.8310791832028013
60,0.25170068027210885,1.8231691276135087,0.27272727272727271,1.8308220090288105
61,0.25170068037347731,1.8232758629078767,0.27272727272727271,1.8309762080510457
62,0.25170068027210885,1.8240545250120617,0.27272727272727271,1.8309878797242136
63,0.25170068037347731,1.8224434657972686,0.27272727272727271,1.8305803826360991
64,0.25170068037347731,1.8215145935006694,0.27272727272727271,1.8304221088236028
65,0.25170068027210885,1.8244608154102249,0.27272727272727271,1.8301096901749119
66,0.25170068027210885,1.8222191325661277,0.27272727272727271,1.8302487821289988
67,0.25170068027210885,1.8247139324136332,0.27272727272727271,1.8302468639431577
68,0.25170068047484573,1.8241146665041139,0.27272727272727271,1.8302273641933093
69,0.25170068037347731,1.8225202333359491,0.27272727272727271,1.8306109218886404
70,0.25170068037347731,1.822242764388623,0.27272727272727271,1.8305212114796494
71,0.25170068047484573,1.8205325781893569,0.27272727272727271,1.8307422616265037
72,0.25170068037347731,1.8233764090505586,0.27272727272727271,1.8307633725079624
73,0.25170068047484573,1.8233860820329109,0.27272727272727271,1.8309255368781812
74,0.25170068027210885,1.8226473477421974,0.27272727272727271,1.8307312582478379
75,0.25170068037347731,1.8229505950901783,0.27272727272727271,1.8308827371308298
76,0.25170068037347731,1.8238451626836036,0.27272727272727271,1.831292455846613
77,0.25170068037347731,1.8230621425472959,0.27272727272727271,1.8310862671245227
78,0.25170068047484573,1.8267654391373096,0.27272727272727271,1.8310464548342156
79,0.25170068037347731,1.8228641788975721,0.27272727272727271,1.8308794642939712
80,0.25170068047484573,1.8236704456562898,0.27272727272727271,1.8308892611301306
81,0.25170068027210885,1.8218567030770438,0.27272727272727271,1.8309284593119766
82,0.25170068047484573,1.8237106751422494,0.27272727272727271,1.8308070934180058
83,0.25170068037347731,1.8216636043016603,0.27272727272727271,1.8305759429931641
84,0.25170068047484573,1.8228066883930543,0.27272727272727271,1.8306613004568852
85,0.25170068027210885,1.8225064220882596,0.27272727272727271,1.8306012442617705
86,0.25170068037347731,1.8197481291634696,0.27272727272727271,1.8307317134105798
87,0.25170068047484573,1.8232695277856321,0.27272727272727271,1.8306547331087517
88,0.25170068037347731,1.8256904705852068,0.27272727272727271,1.8307220574581262
89,0.25170068047484573,1.82392710082385,0.27272727272727271,1.8307575131907607
90,0.25170068037347731,1.8245951302197514,0.27272727272727271,1.8308947411450474
91,0.25170068037347731,1.8226859739848547,0.27272727272727271,1.8306878480044277
92,0.25170068037347731,1.82423354330517,0.27272727272727271,1.8309809691978223
93,0.25170068027210885,1.8224266126853268,0.27272727272727271,1.830962101618449
94,0.25170068027210885,1.8218454925381407,0.27272727272727271,1.8310744979164817
95,0.25170068027210885,1.8242708712208027,0.27272727272727271,1.8311058824712581
96,0.25170068047484573,1.8230816393482441,0.27272727272727271,1.8307890819780754
97,0.25170068027210885,1.8212939508918191,0.27272727272727271,1.8310254956736709
98,0.25170068027210885,1.8235744440636668,0.27272727272727271,1.8312369946277502
99,0.25170068027210885,1.823186155890121,0.27272727272727271,1.8311003302082871
100,0.25170068037347731,1.8224000168495438,0.27272727272727271,1.8312895984360666
101,0.25170068067758261,1.8241036538364126,0.27272727272727271,1.831552064780033
102,0.25170068047484573,1.8232244845150278,0.27272727272727271,1.8316554806449197
103,0.25170068037347731,1.8236378853012916,0.27272727272727271,1.8316752477125688
104,0.25170068027210885,1.8225115172717037,0.27272727272727271,1.8317189650102095
105,0.25170068037347731,1.8226519604118503,0.27272727272727271,1.831461736650178
106,0.25170068037347731,1.8208994427505805,0.27272727272727271,1.831547130237926
107,0.25170068047484573,1.8240686598278226,0.27272727272727271,1.8317312038306035
108,0.25170068037347731,1.8242761431908121,0.27272727272727271,1.8321181824713042
109,0.25170068027210885,1.8234662506856074,0.27272727272727271,1.8321056221470688
110,0.25170068037347731,1.8221525107922196,0.27272727272727271,1.832521839575334
111,0.25170068047484573,1.8228266758172691,0.27272727272727271,1.8329470735607725
112,0.25170068047484573,1.8229892716115834,0.27272727272727271,1.833037661783623
113,0.25170068067758261,1.8232957732920745,0.27272727272727271,1.8331328594323359
114,0.25170068027210885,1.8229684716179257,0.27272727272727271,1.8330913276383372
115,0.25170068047484573,1.8208651721072036,0.27272727272727271,1.8327426224043875
116,0.25170068047484573,1.8230768515139211,0.27272727272727271,1.8324197314002297
117,0.25170068108305638,1.8224054761484367,0.27272727272727271,1.8322625160217285
118,0.25170068067758261,1.8222494903875857,0.27272727272727271,1.8319701714949175
119,0.25170068067758261,1.8234056145155511,0.27272727272727271,1.8317044359264951
120,0.25170068037347731,1.8251550465214008,0.27272727272727271,1.8316847663937192
121,0.25170068037347731,1.8221017933216224,0.27272727272727271,1.8318712241721875
122,0.25170068037347731,1.82397917663159,0.27272727272727271,1.8319170186013887
123,0.25170068027210885,1.823893693028664,0.27272727272727271,1.8317376483570447
124,0.25170068027210885,1.8244554477484047,0.27272727272727271,1.8319789098970818
125,0.25170068037347731,1.8243199359802973,0.27272727272727271,1.8322715976021506
126,0.25170068047484573,1.8238516007961869,0.27272727272727271,1.8322607387195935
127,0.25170068027210885,1.8204132423919885,0.27272727272727271,1.831950155171481
128,0.25170068027210885,1.8232961317308907,0.27272727272727271,1.832018545179656
129,0.25170068027210885,1.8221618488532345,0.27272727272727271,1.8318991480451641
130,0.25170068037347731,1.8225436729638755,0.27272727272727271,1.8315776803276755
131,0.25170068037347731,1.8230273577631737,0.27272727272727271,1.8317015279423108
132,0.25170068027210885,1.8226021657995626,0.27272727272727271,1.8314970081502742
133,0.25170068027210885,1.8204804326401276,0.27272727272727271,1.8314470991943821
134,0.25170068037347731,1.8215786364613746,0.27272727272727271,1.8311305262825706
135,0.25170068027210885,1.8244103671742133,0.27272727272727271,1.8314193270423196
136,0.25170068047484573,1.8243822873044175,0.27272727272727271,1.831331238602147
137,0.25170068037347731,1.8210757524788785,0.27272727272727271,1.831527348720666
138,0.25170068037347731,1.8220077590877508,0.27272727272727271,1.8314143383141719
139,0.25170068037347731,1.8223935519756913,0.27272727272727271,1.8311941876555935
140,0.25170068037347731,1.8224417814592115,0.27272727272727271,1.8309993527152322
141,0.25170068037347731,1.8231563373487822,0.27272727272727271,1.8306317148786602
142,0.25170068037347731,1.8229522737516026,0.27272727272727271,1.8302618698640303
143,0.25170068037347731,1.8234423188125195,0.27272727272727271,1.8301837227561257
144,0.25170068027210885,1.8210642208047465,0.27272727272727271,1.8305020838072805
145,0.25170068037347731,1.8193764483847585,0.27272727272727271,1.830618345376217
146,0.25170068027210885,1.8224355193222461,0.27272727272727271,1.8304501085570364
147,0.25170068027210885,1.8235034958845904,0.27272727272727271,1.8302366227814646
148,0.25170068047484573,1.8228896604914244,0.27272727272727271,1.8305620677543408
149,0.25170068027210885,1.8203821117375172,0.27272727272727271,1.8305447751825505
150,0.25170068047484573,1.8236081170387008,0.27272727272727271,1.830453847393845
151,0.25170068047484573,1.8220991731500951,0.27272727272727271,1.8304314360474094
152,0.25170068037347731,1.8243682327724637,0.27272727272727271,1.8302478826407231
153,0.25170068027210885,1.8195629379376261,0.27272727272727271,1.8303800351691968
154,0.25170068027210885,1.8221172070016667,0.27272727272727271,1.830476706678217
155,0.25170068037347731,1.8209236073656148,0.27272727272727271,1.8309341741330696
156,0.25170068027210885,1.8252759644774352,0.27272727272727271,1.8314642183708423
157,0.25170068047484573,1.8210919049321388,0.27272727272727271,1.8316747817126187
158,0.25170068047484573,1.8223924766592428,0.27272727272727271,1.8318254080685703
159,0.25170068047484573,1.8230998994541816,0.27272727272727271,1.832036220666134
160,0.25170068027210885,1.8226103896186465,0.27272727272727271,1.8319645686583086
161,0.25170068047484573,1.8232545341764177,0.27272727272727271,1.8324409506537698
162,0.25170068047484573,1.8227986267634801,0.27272727272727271,1.8327991059332183
163,0.25170068037347731,1.8196698775907763,0.27272727272727271,1.8331131465507275
164,0.25170068047484573,1.8214077308875363,0.27272727272727271,1.8330690571756074
165,0.25170068027210885,1.8217254171566086,0.27272727272727271,1.8331320972153635
166,0.25170068027210885,1.821064636009891,0.27272727272727271,1.8327381321878145
167,0.25170068047484573,1.8233610107785179,0.27272727272727271,1.8326169433015767
168,0.25170068047484573,1.8225891184644634,0.27272727272727271,1.8323429389433428
169,0.25170068047484573,1.8216192057343568,0.27272727272727271,1.8323746739011821
170,0.25170068047484573,1.8248568384014829,0.27272727272727271,1.8326020565899936
171,0.25170068047484573,1.8238330828089293,0.27272727272727271,1.8324656919999556
172,0.25170068047484573,1.8224681510406286,0.27272727272727271,1.8325560129050054
173,0.25170068047484573,1.8212088297824471,0.27272727272727271,1.8326031692100293
174,0.25170068037347731,1.823842013774275,0.27272727272727271,1.8327507250236743
175,0.25170068027210885,1.8204584186579906,0.27272727272727271,1.8329200925249043
176,0.25170068037347731,1.8228331585319675,0.27272727272727271,1.83276198127053
177,0.25170068047484573,1.8226844129108248,0.27272727272727271,1.8327298417235867
178,0.25170068047484573,1.8238735677433662,0.27272727272727271,1.8328706170573379
179,0.25170068027210885,1.8228965632769527,0.27272727272727271,1.8328598918336811
180,0.25170068027210885,1.8216922996806451,0.27272727272727271,1.8327254671039004
181,0.25170068027210885,1.8219857913296238,0.27272727272727271,1.8328825921723337
182,0.25170068037347731,1.8195371514274961,0.27272727272727271,1.8331490791205205
183,0.25170068037347731,1.8219796135312034,0.27272727272727271,1.8333379608212095
184,0.25170068037347731,1.8221981298355829,0.27272727272727271,1.8334150856191462
185,0.25170068037347731,1.8237570881032619,0.27272727272727271,1.8335186821041685
186,0.25170068037347731,1.8247020325693144,0.27272727272727271,1.8336661331581348
187,0.25170068037347731,1.8228640248175381,0.27272727272727271,1.8331248976967551
188,0.25170068037347731,1.8226722081502278,0.27272727272727271,1.8328340450922649
189,0.25170068047484573,1.8223571590825813,0.27272727272727271,1.8327561580773555
190,0.25170068047484573,1.8221468690301286,0.27272727272727271,1.8329410516854487
191,0.25170068037347731,1.8221257268166056,0.27272727272727271,1.8330575372233535
192,0.25170068037347731,1.8222806364500603,0.27272727272727271,1.8328968142018174
193,0.25170068047484573,1.8235570200446511,0.27272727272727271,1.8330749309424199
194,0.25170068037347731,1.8212800990967524,0.27272727272727271,1.8327307953979031
195,0.25170068047484573,1.82264206522987,0.27272727272727271,1.8324930559505115
196,0.25170068027210885,1.8210140572113245,0.27272727272727271,1.8325348550623113
197,0.25170068027210885,1.8231882238063684,0.27272727272727271,1.8327463323419744
198,0.25170068047484573,1.8225380749929518,0.27272727272727271,1.8329272956559153
199,0.25170068027210885,1.8217002672403038,0.27272727272727271,1.8331498305002849
200,0.25170068047484573,1.8234523696964289,0.27272727272727271,1.8331516150272253
201,0.25170068047484573,1.8228468659783708,0.27272727272727271,1.8330420075040874
202,0.25170068047484573,1.8198145198173263,0.27272727272727271,1.8327132716323391
203,0.25170068037347731,1.8233190750589177,0.27272727272727271,1.8327377998467647
204,0.25170068027210885,1.8205710454862944,0.27272727272727271,1.8324740474874324
205,0.25170068037347731,1.8218501238595872,0.27272727272727271,1.8323301618749446
206,0.25170068027210885,1.8224496419737939,0.27272727272727271,1.8318770654273755
207,0.25170068027210885,1.8214890964988137,0.27272727272727271,1.8314058347181841
208,0.25170068027210885,1.8223667517811262,0.27272727272727271,1.8313478267554082
209,0.25170068027210885,1.8229125746253396,0.27272727272727271,1.8318988265413227
210,0.25170068027210885,1.8213299423658929,0.27272727272727271,1.8322773738340898
211,0.25170068027210885,1.8222003696727105,0.27272727272727271,1.8322906349644517
212,0.25170068047484573,1.8230695091948217,0.27272727272727271,1.8322064840432368
213,0.25170068037347731,1.8228332728755718,0.27272727272727271,1.8321394992597175
214,0.25170068037347731,1.8237393372723845,0.27272727272727271,1.8323745221802683
215,0.25170068027210885,1.8229642936161585,0.27272727272727271,1.8324061126419993
216,0.25170068037347731,1.8227251273434177,0.27272727272727271,1.8323760538390188
217,0.25170068047484573,1.821954227629162,0.27272727272727271,1.8324810447114888
218,0.25170068027210885,1.8221012694495065,0.27272727272727271,1.8321118318673335
219,0.25170068037347731,1.8220517975943429,0.27272727272727271,1.832050500494061
220,0.25170068037347731,1.8239550914894156,0.27272727272727271,1.8321092453869907
221,0.25170068027210885,1.8221212487642457,0.27272727272727271,1.8319919578956836
222,0.25170068037347731,1.822039978844779,0.27272727272727271,1.8319242000579834
223,0.25170068027210885,1.82248896968608,0.27272727272727271,1.8313843084104133
224,0.25170068047484573,1.8222416760970135,0.27272727272727271,1.8311468832420581
225,0.25170068047484573,1.8217944725841082,0.27272727272727271,1.8307774392041294
226,0.25170068037347731,1.8202390411273153,0.27272727272727271,1.8308922630367856
227,0.25170068037347731,1.8228407400805935,0.27272727272727271,1.8306542526591907
228,0.25170068037347731,1.8217670025468684,0.27272727272727271,1.8307732379797734
229,0.25170068037347731,1.8200240248725528,0.27272727272727271,1.8308503519405017
230,0.25170068047484573,1.8233395028276509,0.27272727272727271,1.8306296702587244
231,0.25170068027210885,1.8222433888182348,0.27272727272727271,1.8307729887239861
232,0.25170068027210885,1.822514347478646,0.27272727272727271,1.8305121913100735
233,0.25170068037347731,1.820608722109373,0.27272727272727271,1.8308171539595632
234,0.25170068027210885,1.8206708090645927,0.27272727272727271,1.8309989842501553
235,0.25170068027210885,1.8193585337424765,0.27272727272727271,1.8310637546308113
236,0.25170068037347731,1.8228525653177379,0.27272727272727271,1.831241954456676
237,0.25170068047484573,1.8227046703805729,0.27272727272727271,1.8313804575891206
238,0.25170068037347731,1.8211245496256823,0.27272727272727271,1.8317151033517085
239,0.25170068027210885,1.8218310300995704,0.27272727272727271,1.8317769187869448
240,0.25170068047484573,1.8207542604329634,0.27272727272727271,1.8317995107535161
241,0.25170068047484573,1.8222146569466104,0.27272727272727271,1.8319193522135417
242,0.25170068047484573,1.823466732388451,0.27272727272727271,1.832366665204366
243,0.25170068037347731,1.8231325230630888,0.27272727272727271,1.8325027949882275
244,0.25170068027210885,1.8205670361616173,0.27272727272727271,1.8325201525832668
245,0.25170068037347731,1.8224663199210653,0.27272727272727271,1.8323699488784329
246,0.25170068047484573,1.8222198997225081,0.27272727272727271,1.8326208699833264
247,0.25170068027210885,1.821923008581408,0.27272727272727271,1.832535566705646
248,0.25170068047484573,1.8221609284277676,0.27272727272727271,1.8325782183444861
249,0.25170068027210885,1.8222347992618069,0.27272727272727271,1.8325959733038237
