0,0.20748299329864736,1.9021281887884853,0.27272727272727271,1.8281844131874316
1,0.24829931972789115,1.837519453496349,0.27272727272727271,1.8442310564445727
2,0.25170068047484573,1.8454539986694751,0.27272727272727271,1.8284744855129358
3,0.23129251710817117,1.8385840784124776,0.27272727272727271,1.8380491227814646
4,0.23469387755102042,1.8372851164162565,0.27272727272727271,1.8340139425162114
5,0.20068027221021198,1.8428167064173693,0.27272727272727271,1.8409401106111931
6,0.23809523819660655,1.8370547586557817,0.27272727272727271,1.8508003299886531
7,0.25170068027210885,1.8350597790309362,0.27272727272727271,1.8323058106682517
8,0.25170068037347731,1.8265473420928124,0.27272727272727271,1.8300478169412324
9,0.25170068027210885,1.8258608701277752,0.27272727272727271,1.8376111550764604
10,0.25170068037347731,1.8291008488661578,0.27272727272727271,1.8362866892959133
11,0.25170068037347731,1.827831999785235,0.27272727272727271,1.8324488654281155
12,0.25170068027210885,1.8235317898445389,0.27272727272727271,1.8340959440578113
13,0.25510204101906342,1.8247923096831964,0.27272727272727271,1.833850015293468
14,0.25170068037347731,1.8216651556443195,0.27272727272727271,1.8325278975746848
15,0.25510204091769495,1.8217751055347675,0.27272727272727271,1.8320760654680657
16,0.24829931993062804,1.8234613939207427,0.27272727272727271,1.8311877033927224
17,0.25510204091769495,1.8222644361508946,0.27272727272727271,1.8306287346464214
18,0.25170068037347731,1.8260206276056719,0.27272727272727271,1.8307716196233577
19,0.25510204091769495,1.8218424304001997,0.27272727272727271,1.83057870648124
20,0.25170068037347731,1.8216327550459881,0.27272727272727271,1.830404433337125
21,0.25170068037347731,1.8219370647352569,0.27272727272727271,1.8304653673460989
22,0.25170068027210885,1.8218773449359298,0.27272727272727271,1.8303858403003577
23,0.25510204101906342,1.8208172288881679,0.27272727272727271,1.8307889374819668
24,0.24829931972789115,1.8217748833351395,0.27272727272727271,1.8307677615772595
25,0.25170068037347731,1.8227509714308239,0.27272727272727271,1.8308830730842822
26,0.25170068047484573,1.8229408539882324,0.27272727272727271,1.8311572400006382
27,0.2482993198292596,1.8224555975725862,0.27272727272727271,1.8312251965204875
28,0.25170068047484573,1.8245349116876823,0.27272727272727271,1.8316628318844419
29,0.25170068037347731,1.8244730347678775,0.27272727272727271,1.8319923371979685
30,0.25170068037347731,1.8235867364065987,0.27272727272727271,1.8325575120521314
31,0.25170068047484573,1.8214810770385119,0.27272727272727271,1.8328567201440984
32,0.25170068047484573,1.825428816736961,0.27272727272727271,1.8329789060534853
33,0.25170068037347731,1.8163644334896891,0.27272727272727271,1.8330880186774514
34,0.25170068037347731,1.8217556444155116,0.27272727272727271,1.8327863324772229
35,0.25170068047484573,1.8210662124919244,0.27272727272727271,1.8328449617732654
36,0.25170068037347731,1.8222965066935741,0.27272727272727271,1.8331895452557188
37,0.25170068037347731,1.8258324480381141,0.27272727272727271,1.8335572986891775
38,0.25170068047484573,1.8231833808276119,0.27272727272727271,1.8332202470663823
39,0.25170068027210885,1.8212657639769469,0.27272727272727271,1.8335604884407737
40,0.25170068047484573,1.8249212949454379,0.27272727272727271,1.8341183373422334
41,0.25170068027210885,1.822287536802746,0.27272727272727271,1.8345774339907097
42,0.25170068047484573,1.8235561474650896,0.27272727272727271,1.8345916054465554
43,0.25170068037347731,1.8235197797113536,0.27272727272727271,1.8347786953954985
44,0.25170068027210885,1.826440768987954,0.27272727272727271,1.83492763114698
45,0.25170068037347731,1.819534579101874,0.27272727272727271,1.8353431730559377
46,0.25170068037347731,1.8238954949541157,0.27272727272727271,1.8358466625213623
47,0.25170068037347731,1.8232958754714654,0.27272727272727271,1.8362242236281887
48,0.25170068037347731,1.8227851877407151,0.27272727272727271,1.8361622564720386
49,0.25170068047484573,1.8228044639639303,0.27272727272727271,1.8356294523585925
50,0.25170068067758261,1.8241318999504557,0.27272727272727271,1.8353492635669131
51,0.25170068027210885,1.8245599326633273,0.27272727272727271,1.8351034287250403
52,0.25170068027210885,1.8258172703438065,0.27272727272727271,1.8354649435390125
53,0.25170068027210885,1.8255401338849748,0.27272727272727271,1.8355992815711282
54,0.25170068047484573,1.8223191094236308,0.27272727272727271,1.8356616786032012
55,0.25170068037347731,1.8194151557221705,0.27272727272727271,1.8354286714033647
56,0.25170068027210885,1.8225856800468601,0.27272727272727271,1.8356881575150923
57,0.25170068037347731,1.8222175455417762,0.27272727272727271,1.8357618722048672
58,0.25170068027210885,1.8244269251012477,0.27272727272727271,1.8361741737885908
59,0.25170068037347731,1.8227379597774169,0.27272727272727271,1.8360719319545862
60,0.25170068037347731,1.8250049458069055,0.27272727272727271,1.8359257813655969
61,0.25170068027210885,1.8235595420915254,0.27272727272727271,1.8357390887809522
62,0.25170068037347731,1.8221218375121655,0.27272727272727271,1.8358323935306433
63,0.25170068037347731,1.8217414041765694,0.27272727272727271,1.8356961373126868
64,0.25170068047484573,1.821482847337009,0.27272727272727271,1.8357012741493457
65,0.25170068027210885,1.8222840156684927,0.27272727272727271,1.8355053193641431
66,0.25170068037347731,1.8211144338659688,0.27272727272727271,1.8356861309571699
67,0.25170068037347731,1.8217174195918908,0.27272727272727271,1.8357741326996775
68,0.25170068037347731,1.8224584002073119,0.27272727272727271,1.8353805830984404
69,0.25170068067758261,1.825633945108271,0.27272727272727271,1.8350206288424404
70,0.25170068027210885,1.8216672446452031,0.27272727272727271,1.8352119236281423
71,0.25170068037347731,1.822162348396924,0.27272727272727271,1.8352798259619512
72,0.25170068037347731,1.8214115739679662,0.27272727272727271,1.835230296308344
73,0.25170068037347731,1.8223284572160163,0.27272727272727271,1.8347781174110644
74,0.25170068027210885,1.8193090659420506,0.27272727272727271,1.8347351551055908
75,0.25170068027210885,1.8208509626842679,0.27272727272727271,1.8344315471071186
76,0.25170068037347731,1.8230908792846057,0.27272727272727271,1.8341290336666685
77,0.25170068037347731,1.8224703438427983,0.27272727272727271,1.8336242401238643
78,0.25170068067758261,1.8238964388970615,0.27272727272727271,1.8340306534911648
79,0.25170068047484573,1.8193497463148467,0.27272727272727271,1.8344601609490134
80,0.25170068037347731,1.8201195942301329,0.27272727272727271,1.8347664529627019
81,0.25170068027210885,1.8258011211343363,0.27272727272727271,1.8351258689706975
82,0.25170068027210885,1.8248982834978169,0.27272727272727271,1.8351424137751262
83,0.25170068037347731,1.8203154615804451,0.27272727272727271,1.8348976156928323
84,0.25170068047484573,1.8221062137967063,0.27272727272727271,1.8343953110954978
85,0.25170068047484573,1.8197028417976535,0.27272727272727271,1.8341756336616748
86,0.25170068047484573,1.8208687678486311,0.27272727272727271,1.8342522418860234
87,0.25170068037347731,1.8242774609805776,0.27272727272727271,1.8340549324498032
88,0.25170068037347731,1.8222304801551663,0.27272727272727271,1.8340569698449336
89,0.25170068047484573,1.8210562881158323,0.27272727272727271,1.834454980763522
90,0.25170068037347731,1.8222664489227087,0.27272727272727271,1.8342755816199563
91,0.25170068067758261,1.8244572577833318,0.27272727272727271,1.834380232926571
92,0.25170068027210885,1.8251951000317423,0.27272727272727271,1.8341831727461382
93,0.25170068047484573,1.8212245881151992,0.27272727272727271,1.8339785987680608
94,0.25170068027210885,1.8208203810412869,0.27272727272727271,1.8340930794224595
95,0.25170068027210885,1.8202634668674598,0.27272727272727271,1.833745999769731
96,0.25170068037347731,1.8223638996786,0.27272727272727271,1.8339617360721936
97,0.25170068047484573,1.8235019129149768,0.27272727272727271,1.8338093649257312
98,0.25170068027210885,1.8219496709148899,0.27272727272727271,1.8340792511448716
99,0.25170068067758261,1.8210641048392471,0.27272727272727271,1.8341420925024785
100,0.25170068037347731,1.8215025055165193,0.27272727272727271,1.8341690807631521
101,0.25170068047484573,1.8201450571721913,0.27272727272727271,1.834245837096012
102,0.25170068047484573,1.8208856144729926,0.27272727272727271,1.8339593916228323
103,0.25170068047484573,1.820370542759798,0.27272727272727271,1.834039984327374
104,0.25170068047484573,1.8233558904557001,0.27272727272727271,1.8339317820288918
105,0.25170068047484573,1.8241759773825301,0.27272727272727271,1.8335327343507246
106,0.25170068047484573,1.825254311366957,0.27272727272727271,1.8336019335371074
107,0.25170068027210885,1.8222333849692831,0.27272727272727271,1.8339754487528945
108,0.25170068047484573,1.8197558599264443,0.27272727272727271,1.834062392061407
109,0.25170068037347731,1.820425415525631,0.27272727272727271,1.8337633067911321
110,0.25170068047484573,1.8202701798912619,0.27272727272727271,1.8335331244902178
111,0.25170068027210885,1.8218652009963989,0.27272727272727271,1.8337434855374424
112,0.25170068047484573,1.8225084429695493,0.27272727272727271,1.8337207165631382
113,0.25170068037347731,1.82379742057956,0.27272727272727271,1.8342185779051348
114,0.25170068027210885,1.8221363745579102,0.27272727272727271,1.8342438286001033
115,0.25170068047484573,1.822743981873908,0.27272727272727271,1.8346357345581055
116,0.25170068047484573,1.8220580840597347,0.27272727272727271,1.8346155014905063
117,0.25170068047484573,1.8204027876562001,0.27272727272727271,1.8343812552365391
118,0.25170068047484573,1.8216361464286337,0.27272727272727271,1.8344134164578987
119,0.25170068027210885,1.8199782874308477,0.27272727272727271,1.834432688626376
120,0.25170068047484573,1.8216433849464468,0.27272727272727271,1.8342895399440418
121,0.25170068027210885,1.8203857099117875,0.27272727272727271,1.8342492761033955
122,0.25170068037347731,1.825674632779595,0.27272727272727271,1.8337286746863164
123,0.25170068027210885,1.8225045998891194,0.27272727272727271,1.8334823268832583
124,0.25170068047484573,1.822919985064033,0.27272727272727271,1.8333382281390103
125,0.25170068027210885,1.8254307711205515,0.27272727272727271,1.8333551594705293
126,0.25170068047484573,1.8228218490574635,0.27272727272727271,1.8336689074834187
127,0.25170068047484573,1.8217662256591174,0.27272727272727271,1.8334684552568379
128,0.25170068027210885,1.8227654330584468,0.27272727272727271,1.8335423577915539
129,0.25170068047484573,1.8220252066242451,0.27272727272727271,1.8340107130281853
130,0.25170068027210885,1.8230575071711119,0.27272727272727271,1.8340741323702263
131,0.25170068047484573,1.8233014872284974,0.27272727272727271,1.8340081157106343
132,0.25170068047484573,1.8233243932529373,0.27272727272727271,1.8340309063593547
133,0.25170068037347731,1.822671160405996,0.27272727272727271,1.8340379830562707
134,0.25170068037347731,1.8246348098832734,0.27272727272727271,1.833786585114219
135,0.25170068047484573,1.8223284815444427,0.27272727272727271,1.8333974607063062
136,0.25170068027210885,1.8214389029003324,0.27272727272727271,1.8334778149922688
137,0.25170068027210885,1.8221285035010097,0.27272727272727271,1.8336478580128064
138,0.25170068047484573,1.8213535068797417,0.27272727272727271,1.833411946441188
139,0.25170068037347731,1.8188175790163936,0.27272727272727271,1.8331869082017378
140,0.25170068047484573,1.822614351908366,0.27272727272727271,1.833029486916282
141,0.25170068037347731,1.8234995198087627,0.27272727272727271,1.8327834678418709
142,0.25170068037347731,1.8234553896650976,0.27272727272727271,1.8332245891744441
143,0.25170068067758261,1.823942712375096,0.27272727272727271,1.8330313581408877
144,0.25170068037347731,1.8200577294745413,0.27272727272727271,1.8330070755698464
145,0.25170068047484573,1.8225163197030827,0.27272727272727271,1.8331925832864009
146,0.25170068037347731,1.8243931102103927,0.27272727272727271,1.8329019257516572
147,0.25170068027210885,1.8215227102746769,0.27272727272727271,1.8325129241654368
148,0.25170068037347731,1.8228430958832202,0.27272727272727271,1.8324461669632883
149,0.25170068037347731,1.8219989424660092,0.27272727272727271,1.8319207032521565
150,0.25170068037347731,1.8229494394899226,0.27272727272727271,1.831359332258051
151,0.25170068047484573,1.8206998620714461,0.27272727272727271,1.830930561730356
152,0.25170068027210885,1.822635640903395,0.27272727272727271,1.8307384577664463
153,0.25170068027210885,1.8215179183856161,0.27272727272727271,1.8310124801866936
154,0.25170068027210885,1.822944537311995,0.27272727272727271,1.8313173778129346
155,0.25170068047484573,1.8212826138450986,0.27272727272727271,1.8313465046160149
156,0.24829931993062804,1.8227028514252228,0.27272727272727271,1.8317001588416821
157,0.25170068027210885,1.8217383760984251,0.27272727272727271,1.8320657520583181
158,0.25170068047484573,1.8245231132118069,0.27272727272727271,1.8324733539061113
159,0.25170068037347731,1.8202250101128403,0.27272727272727271,1.8321889819520893
160,0.25170068037347731,1.8220549148767173,0.27272727272727271,1.8318745150710598
161,0.25170068027210885,1.8240167745927565,0.27272727272727271,1.8324176325942532
162,0.25170068047484573,1.8210224188914916,0.27272727272727271,1.8323140541712444
163,0.25170068047484573,1.8238111126179597,0.27272727272727271,1.8320668971899785
164,0.25170068037347731,1.8247440615478827,0.27272727272727271,1.8318282040682705
165,0.25170068037347731,1.8213857388009831,0.27272727272727271,1.8317506855184382
166,0.25170068037347731,1.8234130119790837,0.27272727272727271,1.8320797392816255
167,0.25170068047484573,1.8197472565839079,0.27272727272727271,1.8323280233325381
168,0.25170068027210885,1.8213079705530284,0.27272727272727271,1.8322184627706355
169,0.25170068037347731,1.8217221903963154,0.27272727272727271,1.8315842512882117
170,0.25170068047484573,1.8210302242616407,0.27272727272727271,1.831096558859854
171,0.25170068047484573,1.8222285484781071,0.27272727272727271,1.8310288804950137
172,0.25170068027210885,1.8233093582853979,0.27272727272727271,1.8309719634778572
173,0.25170068037347731,1.821599344007012,0.27272727272727271,1.8313174211617671
174,0.25170068027210885,1.8215806192281294,0.27272727272727271,1.8310934485811177
175,0.25170068067758261,1.8236529210797783,0.27272727272727271,1.8309050112059622
176,0.25170068047484573,1.8209358064495786,0.27272727272727271,1.8311823787111225
177,0.25170068047484573,1.8211690601037474,0.27272727272727271,1.8314349976452915
178,0.25170068047484573,1.8239493824186779,0.27272727272727271,1.8318914500149814
179,0.25170068047484573,1.8194529693953845,0.27272727272727271,1.8321520198475232
180,0.25170068047484573,1.8231585609669587,0.27272727272727271,1.8323992093404133
181,0.25170068047484573,1.8231996841171161,0.27272727272727271,1.8323517315315478
182,0.25170068067758261,1.821143390370064,0.27272727272727271,1.8321296915863499
183,0.25170068027210885,1.8203492107845487,0.27272727272727271,1.8317039735389478
184,0.25170068037347731,1.8228638528966579,0.27272727272727271,1.8313415628491025
185,0.25170068037347731,1.8180413538095903,0.27272727272727271,1.8313739444270278
186,0.25170068027210885,1.823238432812853,0.27272727272727271,1.8317971410173359
187,0.25170068027210885,1.8202388448780085,0.27272727272727271,1.8322876980810454
188,0.25170068037347731,1.821888348683208,0.27272727272727271,1.8323728749246309
189,0.25170068047484573,1.8203565149891132,0.27272727272727271,1.8322386813886238
190,0.25170068037347731,1.8239119344828081,0.27272727272727271,1.8315808014436201
191,0.25170068047484573,1.8238404575659304,0.27272727272727271,1.8307517369588215
192,0.25170068067758261,1.8211915557887279,0.27272727272727271,1.8302362109675552
193,0.25170068047484573,1.8226236883474856,0.27272727272727271,1.8300695563807632
194,0.25170068027210885,1.823889701544833,0.27272727272727271,1.8299963113033411
195,0.25170068037347731,1.8206025175496834,0.27272727272727271,1.8297083847450488
196,0.25170068047484573,1.8201844757106029,0.27272727272727271,1.8297894831859705
197,0.25170068027210885,1.8230413976980715,0.27272727272727271,1.8293616988442161
198,0.25170068027210885,1.820804245617925,0.27272727272727271,1.8298876321677007
199,0.25170068047484573,1.8198675857920226,0.27272727272727271,1.8298566883260554
200,0.25170068027210885,1.823263779789412,0.27272727272727271,1.8297958952007871
201,0.25170068037347731,1.8232062008916115,0.27272727272727271,1.8297843860857415
202,0.25170068027210885,1.8239943754105341,0.27272727272727271,1.8300151824951172
203,0.25170068027210885,1.8233380536643826,0.27272727272727271,1.8300894823941318
204,0.25170068027210885,1.8232947742046952,0.27272727272727271,1.8297344121066006
205,0.25170068027210885,1.8222862887544697,0.27272727272727271,1.8298593253800364
206,0.25170068037347731,1.8212465964207032,0.27272727272727271,1.8302344842390581
207,0.25170068027210885,1.8218612022140399,0.27272727272727271,1.8306683482545796
208,0.25170068027210885,1.8204554311272239,0.27272727272727271,1.8308180570602417
209,0.25170068027210885,1.8213709779337151,0.27272727272727271,1.8310616052511968
210,0.25170068027210885,1.819132679984683,0.27272727272727271,1.8311056621146924
211,0.25170068047484573,1.8206479598064811,0.27272727272727271,1.8311192808729229
212,0.25170068037347731,1.8223140774940958,0.27272727272727271,1.8311948776245117
213,0.25170068027210885,1.8197959823673273,0.27272727272727271,1.8311824798583984
214,0.25170068027210885,1.8222643858721468,0.27272727272727271,1.8309673685016055
215,0.25170068037347731,1.8204399404071627,0.27272727272727271,1.8309003078576289
216,0.25170068037347731,1.8218776376879946,0.27272727272727271,1.8308475703904123
217,0.25170068047484573,1.8187825493261116,0.27272727272727271,1.8310810833266287
218,0.25170068027210885,1.8222388053426937,0.27272727272727271,1.8312002312053333
219,0.25170068037347731,1.8201895125058232,0.27272727272727271,1.8312930663426716
220,0.25170068037347731,1.8229639189583915,0.27272727272727271,1.8316506653121023
221,0.25170068047484573,1.8185645114807856,0.27272727272727271,1.8313622799786655
222,0.25170068047484573,1.8204895598547799,0.27272727272727271,1.8311759703087085
223,0.25170068047484573,1.8226024228699353,0.27272727272727271,1.8316470565217915
224,0.25170068047484573,1.822112344560169,0.27272727272727271,1.8315937591321541
225,0.25170068047484573,1.8235919621525978,0.27272727272727271,1.8310967069683652
226,0.25170068047484573,1.8247033811750866,0.27272727272727271,1.8314685424168904
227,0.25170068037347731,1.8191669595484832,0.27272727272727271,1.8312719084999778
228,0.25170068047484573,1.8212303336785765,0.27272727272727271,1.8307729200883345
229,0.25170068047484573,1.8201863035863759,0.27272727272727271,1.8310429038423481
230,0.25170068037347731,1.8200491131568441,0.27272727272727271,1.8310758128310696
231,0.25170068027210885,1.8207930626512385,0.27272727272727271,1.8310903852636164
232,0.25170068027210885,1.8193747202555339,0.27272727272727271,1.831990198655562
233,0.25170068047484573,1.8190335627315806,0.27272727272727271,1.8324794010682539
234,0.25170068027210885,1.8238172628441636,0.27272727272727271,1.832691687526125
235,0.25170068037347731,1.8217148318582652,0.27272727272727271,1.8326155922629617
236,0.25170068037347731,1.8225413212159864,0.27272727272727271,1.8329619349855366
237,0.25170068027210885,1.8193162363402697,0.27272727272727271,1.8333165573351311
238,0.25170068047484573,1.8199530410117843,0.27272727272727271,1.8333832495140308
239,0.25170068047484573,1.8212467878043246,0.27272727272727271,1.833291794314529
240,0.25170068027210885,1.8209903751100813,0.27272727272727271,1.8335621790452437
241,0.25170068037347731,1.8224212296155033,0.27272727272727271,1.8339336351914839
242,0.25170068027210885,1.8233020021801902,0.27272727272727271,1.834020202810114
243,0.25170068047484573,1.8187815656467361,0.27272727272727271,1.8345874439586292
244,0.25170068027210885,1.8243279797690255,0.27272727272727271,1.8351087786934592
245,0.25170068027210885,1.8196121648866304,0.27272727272727271,1.8350223664081458
246,0.25170068027210885,1.8205788330155976,0.27272727272727271,1.8349640152671121
247,0.25170068047484573,1.8201235467884815,0.27272727272727271,1.8346755360112046
248,0.25170068037347731,1.8203824434150644,0.27272727272727271,1.8347438537713252
249,0.25170068047484573,1.8207426711815555,0.27272727272727271,1.8345160664934101
250,0.25170068027210885,1.8182878680780632,0.27272727272727271,1.8339659842577847
251,0.25170068047484573,1.82086815639418,0.27272727272727271,1.8337772831772312
252,0.25170068027210885,1.8210766291131779,0.27272727272727271,1.8335312496532092
253,0.25170068047484573,1.8213058069449704,0.27272727272727271,1.8330436475349194
254,0.25170068027210885,1.8186448123179326,0.27272727272727271,1.833106113202644
255,0.25170068047484573,1.8212279397614148,0.27272727272727271,1.8331926916584824
256,0.25170068027210885,1.822740837019317,0.27272727272727271,1.8334740400314331
257,0.25170068037347731,1.8199128877548945,0.27272727272727271,1.833295124949831
258,0.25170068047484573,1.821986587680116,0.27272727272727271,1.8332239786783855
259,0.25170068067758261,1.8231469352229113,0.27272727272727271,1.8333620844465313
260,0.25170068037347731,1.8201151737550489,0.27272727272727271,1.8333090579870976
261,0.25170068027210885,1.8188058892074896,0.27272727272727271,1.8332843888889661
262,0.25170068037347731,1.8225793108648183,0.27272727272727271,1.8337074409831653
263,0.25170068037347731,1.8202792998073862,0.27272727272727271,1.8334509459408848
264,0.25170068027210885,1.8236278611786512,0.27272727272727271,1.8332615693410237
265,0.25170068047484573,1.8226275946818242,0.27272727272727271,1.8331953359372688
266,0.25170068037347731,1.8202367258720658,0.27272727272727271,1.8331845745895847
267,0.25170068047484573,1.8225376119419021,0.27272727272727271,1.8330724781209773
268,0.25170068037347731,1.81831651642209,0.27272727272727271,1.8329380136547666
269,0.25170068037347731,1.8194131980947896,0.27272727272727271,1.8322968374599109
270,0.25170068027210885,1.8224623511437656,0.27272727272727271,1.8321732824498957
271,0.25170068037347731,1.8200607737716363,0.27272727272727271,1.8318448283455588
272,0.25170068037347731,1.8201669957362065,0.27272727272727271,1.8318593104680378
273,0.25170068037347731,1.8219922772881125,0.27272727272727271,1.8318054314815637
274,0.25170068047484573,1.8206219948878906,0.27272727272727271,1.8321180379751958
275,0.25170068047484573,1.821091771936741,0.27272727272727271,1.8322667461453062
276,0.25170068037347731,1.8214508270730778,0.27272727272727271,1.8326044299385764
277,0.25170068027210885,1.8222315773671987,0.27272727272727271,1.8323175582018765
278,0.25170068027210885,1.8229054764014523,0.27272727272727271,1.8320571328654434
279,0.25170068027210885,1.818350602169426,0.27272727272727271,1.8318962508981878
280,0.25170068047484573,1.8205253591342849,0.27272727272727271,1.8315626310579705
281,0.25170068047484573,1.8222623147121093,0.27272727272727271,1.8312809684059836
282,0.25170068047484573,1.8206449009123302,0.27272727272727271,1.8307591857332173
283,0.25170068027210885,1.8183054048187879,0.27272727272727271,1.8302263202089253
284,0.25170068027210885,1.8189397125828022,0.27272727272727271,1.8301375634742505
285,0.25170068037347731,1.8213469495578689,0.27272727272727271,1.8303458979635527
286,0.25170068027210885,1.8179941063835507,0.27272727272727271,1.8309324221177534
287,0.25170068047484573,1.8196785555404871,0.27272727272727271,1.831274303522977
288,0.25170068037347731,1.8169071706784825,0.27272727272727271,1.8315168908148101
289,0.25170068027210885,1.8204633913883546,0.27272727272727271,1.8314839384772561
290,0.25170068037347731,1.820558533376577,0.27272727272727271,1.8313624353119822
291,0.25170068037347731,1.8201630796704973,0.27272727272727271,1.8311519911794951
292,0.25170068037347731,1.8206180471952269,0.27272727272727271,1.830857175769228
293,0.25170068037347731,1.8186819975067969,0.27272727272727271,1.8304403550697095
294,0.25170068027210885,1.8221925561930858,0.27272727272727271,1.8303580898227114
295,0.25170068037347731,1.8220558872028274,0.27272727272727271,1.8300096446817571
296,0.25170068027210885,1.8214857683700769,0.27272727272727271,1.8300158760764382
297,0.25170068037347731,1.8181754326333806,0.27272727272727271,1.830436843814272
298,0.25170068027210885,1.8190839501465259,0.27272727272727271,1.8306273980574175
299,0.25170068027210885,1.8248481280138704,0.27272727272727271,1.8305229382081465
300,0.25170068037347731,1.8200851484220855,0.27272727272727271,1.8303931301290339
301,0.25170068027210885,1.8205166592889903,0.27272727272727271,1.8302550966089421
302,0.25170068037347731,1.8215206642540134,0.27272727272727271,1.8300466392979478
303,0.25170068047484573,1.8207702377215536,0.27272727272727271,1.8302624370112563
304,0.25170068037347731,1.8210312484883937,0.27272727272727271,1.8307091322812168
305,0.25170068047484573,1.8225190898999064,0.27272727272727271,1.8306129881829927
306,0.25170068027210885,1.8188134894079091,0.27272727272727271,1.8306066700906465
307,0.25170068037347731,1.8193639995289497,0.27272727272727271,1.830744530215408
308,0.25170068047484573,1.821107004775482,0.27272727272727271,1.8306227344455142
309,0.25170068037347731,1.8193761199510017,0.27272727272727271,1.8308745261394617
310,0.25170068047484573,1.8188427127137476,0.27272727272727271,1.8309544072006687
311,0.25170068027210885,1.8196224225621644,0.27272727272727271,1.8312966064973311
312,0.25170068047484573,1.819540836373154,0.27272727272727271,1.831187241005175
313,0.25170068037347731,1.8199177607387103,0.27272727272727271,1.8309692108269893
314,0.25170068027210885,1.8230200130112317,0.27272727272727271,1.8303860462073125
315,0.25170068037347731,1.8227838180503066,0.27272727272727271,1.8301902395306211
316,0.25170068027210885,1.8192955993470692,0.27272727272727271,1.829944776766228
317,0.25170068037347731,1.8219060297725962,0.27272727272727271,1.8303369970032664
318,0.25170068037347731,1.8204206804028984,0.27272727272727271,1.8306541226126931
319,0.25170068037347731,1.8208256059763384,0.27272727272727271,1.8309841697866267
320,0.25170068027210885,1.8216741125599867,0.27272727272727271,1.8317871816230542
321,0.25170068027210885,1.8170660531439748,0.27272727272727271,1.8316692800232859
322,0.25170068037347731,1.8195061067334648,0.27272727272727271,1.831505385312167
323,0.25170068037347731,1.819149484439772,0.27272727272727271,1.8313448970968074
324,0.25170068027210885,1.8185716583615257,0.27272727272727271,1.8311239733840481
325,0.25170068027210885,1.8213495786498193,0.27272727272727271,1.8307500499667544
326,0.25170068037347731,1.8179582106012877,0.27272727272727271,1.8304299224506726
327,0.25170068037347731,1.8219125595222525,0.27272727272727271,1.8308787562630393
328,0.25170068047484573,1.8212444847132885,0.27272727272727271,1.8309562675880664
329,0.25170068037347731,1.8228142666978902,0.27272727272727271,1.8313699671716401
330,0.25170068067758261,1.8187523050373102,0.27272727272727271,1.8319296258868594
331,0.25170068047484573,1.8248222733841462,0.27272727272727271,1.8319637016816572
332,0.25170068027210885,1.8198584950700099,0.27272727272727271,1.8320504463080205
333,0.25170068047484573,1.8216317259535497,0.27272727272727271,1.8321372487328269
334,0.25170068047484573,1.8194056441183803,0.27272727272727271,1.8320792768940781
335,0.25170068047484573,1.8203292995894036,0.27272727272727271,1.8322826443296489
336,0.25170068037347731,1.8199446931177257,0.27272727272727271,1.831930727669687
337,0.25170068047484573,1.8196688606625511,0.27272727272727271,1.8318932489915327
338,0.25170068037347731,1.821096380551656,0.27272727272727271,1.8319441983194062
339,0.25170068027210885,1.8181516280790575,0.27272727272727271,1.8322009426174741
340,0.25170068047484573,1.8222939903233326,0.27272727272727271,1.8320211713964289
341,0.25170068037347731,1.8184495199294317,0.27272727272727271,1.8317252397537231
342,0.25170068027210885,1.8209082220687347,0.27272727272727271,1.8318143179922393
343,0.25170068027210885,1.8230435540076015,0.27272727272727271,1.8320700508175474
344,0.25170068037347731,1.8230706558746546,0.27272727272727271,1.8323786945054026
345,0.25170068027210885,1.8195277647096284,0.27272727272727271,1.8323216329921375
346,0.25170068037347731,1.8226525540254555,0.27272727272727271,1.8322556596813779
347,0.25170068047484573,1.8213470501153648,0.27272727272727271,1.8319713780374238
348,0.25170068037347731,1.8183749184316518,0.27272727272727271,1.8318126779614072
349,0.25170068037347731,1.8192918900729849,0.27272727272727271,1.8313108213020093
350,0.25170068037347731,1.8204932131734834,0.27272727272727271,1.8312393246275005
351,0.25170068037347731,1.8221172726884181,0.27272727272727271,1.8311329140807644
352,0.25170068047484573,1.8213045045632084,0.27272727272727271,1.8310897458683362
353,0.25510204091769495,1.8217658850611473,0.27272727272727271,1.830918550491333
354,0.25170068037347731,1.8162270419451656,0.27272727272727271,1.8306680700995706
355,0.25170068037347731,1.8206239849531731,0.27272727272727271,1.8303795944560657
356,0.25170068037347731,1.8210733066610738,0.27272727272727271,1.8301510016123455
357,0.25170068047484573,1.8220759670750624,0.27272727272727271,1.8302571448412808
358,0.25170068047484573,1.8184766850503935,0.27272727272727271,1.8304749185388738
359,0.25170068027210885,1.8203543351621043,0.27272727272727271,1.8301338535366636
360,0.25170068037347731,1.8196525792686307,0.27272727272727271,1.830221389279221
361,0.25170068037347731,1.8190345780379107,0.27272727272727271,1.8303522702419397
362,0.25170068047484573,1.8219459559641729,0.27272727272727271,1.8298905654387041
363,0.25170068027210885,1.8214836745035081,0.27272727272727271,1.8297086051016143
364,0.25170068047484573,1.8203361520961838,0.27272727272727271,1.8292135794957478
365,0.25170068047484573,1.8201996744895468,0.27272727272727271,1.828633806922219
366,0.25170068047484573,1.8213967563343696,0.27272727272727271,1.8285082109046704
367,0.24829931993062804,1.8190516874092777,0.27272727272727271,1.8286999608531143
368,0.25170068067758261,1.819878878236628,0.27272727272727271,1.8294169180320972
369,0.2482993198292596,1.8212281473639871,0.27272727272727271,1.8294503905556418
370,0.25170068037347731,1.821306274050758,0.27272727272727271,1.8292571486848774
371,0.25170068037347731,1.8200530892326718,0.27272727272727271,1.8292569825143525
372,0.25170068047484573,1.8195617782826325,0.27272727272727271,1.8289656313982876
373,0.25170068047484573,1.8200298791029015,0.27272727272727271,1.8287084355498806
374,0.25170068047484573,1.8198885333781341,0.27272727272727271,1.8285658178907451
375,0.25170068027210885,1.8181027701111878,0.27272727272727271,1.8285837643074268
376,0.25170068037347731,1.8196617162146536,0.27272727272727271,1.8283755707018303
377,0.25170068027210885,1.8199289396506588,0.27272727272727271,1.8285464698618108
378,0.25170068037347731,1.8203097833257142,0.27272727272727271,1.8288124113371877
379,0.25170068037347731,1.820595086026354,0.27272727272727271,1.8289719133666067
380,0.25170068037347731,1.8195799986521404,0.27272727272727271,1.8283265034357707
381,0.25170068027210885,1.8204262670205564,0.27272727272727271,1.8283716404076777
382,0.25170068037347731,1.8190422739301408,0.27272727272727271,1.8285574876900874
383,0.25170068047484573,1.8192707786754685,0.27272727272727271,1.8288184873985522
384,0.25510204081632654,1.8168981967329167,0.27272727272727271,1.8287877747506807
385,0.25170068027210885,1.8186187354885801,0.27272727272727271,1.8285949338566174
386,0.25170068027210885,1.8180894089393875,0.27272727272727271,1.8278021523446748
387,0.25510204101906342,1.8180589611027516,0.27272727272727271,1.8282472437078303
388,0.25170068047484573,1.8218980905961017,0.27272727272727271,1.828278812495145
389,0.25510204091769495,1.821015588280295,0.27272727272727271,1.8283643650286125
390,0.25170068047484573,1.8215106239124221,0.27272727272727271,1.8284514672828442
391,0.25170068047484573,1.8181998924333223,0.27272727272727271,1.828269651441863
392,0.25170068047484573,1.818928531238011,0.27272727272727271,1.8283123283675222
393,0.25170068047484573,1.817202096893674,0.27272727272727271,1.8285136439583518
394,0.25510204091769495,1.8151956593909231,0.27272727272727271,1.8284664659789114
395,0.25170068027210885,1.8194830563603615,0.27272727272727271,1.828702778527231
396,0.25510204091769495,1.8207621087833328,0.27272727272727271,1.8287353587873054
397,0.25170068037347731,1.8197809984894837,0.27272727272727271,1.8286711483290701
398,0.25170068027210885,1.8176496126213852,0.27272727272727271,1.8285210421591094
399,0.25170068027210885,1.8198409161600126,0.27272727272727271,1.8282426487315784
400,0.25170068027210885,1.8196507408505393,0.27272727272727271,1.8273978666825728
401,0.25170068037347731,1.8179126288615117,0.27272727272727271,1.8273256366903132
402,0.25170068047484573,1.8185737400638813,0.27272727272727271,1.8278520071145259
403,0.25170068027210885,1.8185892251073097,0.27272727272727271,1.8283729806090847
404,0.25170068037347731,1.819499784586381,0.27272727272727271,1.8292966322465376
405,0.25170068037347731,1.8218818505605061,0.27272727272727271,1.8292033166596384
406,0.25170068027210885,1.8194015642412666,0.27272727272727271,1.8289643345457134
407,0.25170068027210885,1.8194253850145405,0.27272727272727271,1.8289959791934851
408,0.25170068047484573,1.8186857813880557,0.27272727272727271,1.8290074377348928
409,0.25170068037347731,1.8186793919323252,0.27272727272727271,1.8294511563850171
410,0.25170068047484573,1.8176696470805578,0.27272727272727271,1.8300487706155488
411,0.25170068047484573,1.817834623816873,0.27272727272727271,1.8297769409237485
412,0.25170068047484573,1.8180724804093238,0.27272727272727271,1.8295196547652737
413,0.25170068027210885,1.8177367278507777,0.27272727272727271,1.8292702328075061
414,0.25170068027210885,1.8183924438191108,0.27272727272727271,1.8295080083789248
415,0.25170068047484573,1.8199241193784337,0.27272727272727271,1.829906286615314
416,0.25170068037347731,1.8176070849100749,0.27272727272727271,1.8299798676461885
417,0.25170068027210885,1.820518312000093,0.27272727272727271,1.8295556162342881
418,0.25170068037347731,1.8193553183354487,0.27272727272727271,1.829855810512196
419,0.25170068037347731,1.8192155872072493,0.27272727272727271,1.829830993305553
420,0.25170068037347731,1.8203492943121462,0.27272727272727271,1.8297506932056311
421,0.25170068037347731,1.8202346944484582,0.27272727272727271,1.8296395034501047
422,0.25170068047484573,1.8181919759633589,0.27272727272727271,1.8293953122514668
423,0.25170068047484573,1.8188465436299641,0.27272727272727271,1.8293601021622166
424,0.25170068037347731,1.8205230292819796,0.27272727272727271,1.8294389934250803
425,0.25170068037347731,1.8185774647459692,0.27272727272727271,1.8295860037659153
426,0.25170068047484573,1.8179786172853847,0.27272727272727271,1.8294543714234324
427,0.25170068027210885,1.8196098561189613,0.27272727272727271,1.829288287596269
428,0.25170068047484573,1.8173926687564979,0.27272727272727271,1.8295339490428115
429,0.25510204101906342,1.8166441390303527,0.27272727272727271,1.8292920517198967
430,0.25170068047484573,1.8183825161992286,0.27272727272727271,1.8291569261839895
431,0.25170068027210885,1.8206116326001225,0.27272727272727271,1.829167290167375
432,0.25170068027210885,1.8194016939928743,0.27272727272727271,1.8292194929989902
433,0.25170068027210885,1.8213874166514599,0.27272727272727271,1.8291912151105476
434,0.25170068037347731,1.8170125297948616,0.27272727272727271,1.829244487213366
435,0.25170068037347731,1.8168964045388358,0.27272727272727271,1.8296812050270312
436,0.25170068027210885,1.8219217459360759,0.27272727272727271,1.8299977634892319
437,0.25170068067758261,1.820797316882075,0.27272727272727271,1.8296161745533799
438,0.25170068047484573,1.8203708509198662,0.27272727272727271,1.8297665408163359
439,0.25170068037347731,1.8204125920120551,0.27272727272727271,1.8300028136282256
440,0.25170068047484573,1.8174265493341044,0.27272727272727271,1.8298919851129705
441,0.25510204091769495,1.8169198684951886,0.27272727272727271,1.829506642890699
442,0.25170068047484573,1.8188461130168163,0.27272727272727271,1.8294396725567905
443,0.25170068037347731,1.8169485298143764,0.27272727272727271,1.8295451655532375
444,0.25170068027210885,1.8154626298112935,0.27272727272727271,1.8296969262036411
445,0.25170068047484573,1.8212358156840007,0.27272727272727271,1.8290775002855244
446,0.25170068027210885,1.8191458878873967,0.27272727272727271,1.828587571779887
447,0.25170068027210885,1.8201075021912452,0.27272727272727271,1.8290013652859312
448,0.25170068027210885,1.8208239840812424,0.27272727272727271,1.8294806372035632
449,0.25170068037347731,1.8188487185912878,0.27272727272727271,1.8298834779045798
450,0.25170068027210885,1.8224585640187165,0.27272727272727271,1.8302281914335308
451,0.25170068037347731,1.818010682151431,0.27272727272727271,1.8302599516781894
452,0.25170068037347731,1.81655938528022,0.27272727272727271,1.830301198092374
453,0.25170068027210885,1.8186053094409762,0.27272727272727271,1.830181967128407
454,0.25510204091769495,1.8187687648396913,0.27272727272727271,1.8297852530623928
455,0.25170068037347731,1.8200754113748772,0.27272727272727271,1.8298486182183931
456,0.25170068067758261,1.816715838957806,0.27272727272727271,1.8295338262211194
457,0.25170068027210885,1.8183620251765868,0.27272727272727271,1.8289953506354131
458,0.25170068027210885,1.8191326305168827,0.27272727272727271,1.8288680531761863
459,0.25170068037347731,1.8168815771738689,0.27272727272727271,1.8286687316316548
460,0.25170068047484573,1.8191977763662532,0.27272727272727271,1.8289627523133249
461,0.25170068047484573,1.817780109489856,0.27272727272727271,1.8291875701962095
462,0.25170068027210885,1.81813615601079,0.27272727272727271,1.8289821870399243
463,0.25170068047484573,1.8150287144849089,0.27272727272727271,1.828310944817283
464,0.25170068037347731,1.8162845511014769,0.27272727272727271,1.828183990536314
465,0.25170068037347731,1.8174327344310528,0.27272727272727271,1.8282476446845315
466,0.25170068037347731,1.8187212084426361,0.27272727272727271,1.8283188198551987
467,0.25850340136054423,1.8162131050006063,0.27272727272727271,1.8282649553183354
468,0.25510204091769495,1.8166621858570851,0.27272727272727271,1.8284368731758811
469,0.25170068047484573,1.8193864343928643,0.27272727272727271,1.8285332448554761
470,0.25170068047484573,1.8183171465283348,0.27272727272727271,1.8281752196225254
471,0.25170068027210885,1.8180071188479054,0.27272727272727271,1.828190261667425
472,0.25510204081632654,1.820474165637477,0.27272727272727271,1.8285124229662346
473,0.25170068067758261,1.817726614523907,0.27272727272727271,1.8289657939564099
474,0.25170068047484573,1.8211414984294347,0.27272727272727271,1.8290752786578555
475,0.25170068027210885,1.8192217025627084,0.27272727272727271,1.8294169938925542
476,0.25170068047484573,1.8191153192195764,0.27272727272727271,1.8293066060904302
477,0.25170068047484573,1.8162958776058793,0.27272727272727271,1.8293761845790979
478,0.25170068067758261,1.8137260367270229,0.27272727272727271,1.8294469876722856
479,0.25170068047484573,1.8188833817332781,0.27272727272727271,1.8292590704831211
480,0.25170068037347731,1.8187599587602681,0.27272727272727271,1.8290864879434758
481,0.25170068047484573,1.8176681792654958,0.27272727272727271,1.8291466814098936
482,0.25170068027210885,1.8190438877157613,0.27272727272727271,1.8292874386816314
483,0.25170068027210885,1.8200668404702427,0.27272727272727271,1.8293921152750652
484,0.25170068037347731,1.8185487928844632,0.27272727272727271,1.829112905444521
485,0.25170068047484573,1.8209543925564304,0.27272727272727271,1.8288249644366177
486,0.25170068047484573,1.8180436204079868,0.27272727272727271,1.8287498770338115
487,0.25170068037347731,1.8168601162579594,0.27272727272727271,1.8287676030939275
488,0.25170068037347731,1.8194519978802219,0.27272727272727271,1.8282850330526179
489,0.25170068037347731,1.8191655379574314,0.27272727272727271,1.8279062545660771
490,0.25170068047484573,1.8183476714049878,0.27272727272727271,1.827369061383334
491,0.25170068027210885,1.8175402693197029,0.27272727272727271,1.827025420737989
492,0.25170068037347731,1.8158167900682307,0.27272727272727271,1.8269004424413045
493,0.25170068027210885,1.8161678006048916,0.27272727272727271,1.8270066290190725
494,0.25170068047484573,1.8154706987393956,0.27272727272727271,1.8273789376923533
495,0.25170068027210885,1.8180101112443574,0.27272727272727271,1.8274373357946223
496,0.25170068037347731,1.815796479886892,0.27272727272727271,1.8268125815825029
497,0.25510204081632654,1.8173436112955315,0.27272727272727271,1.8261860825798728
498,0.25510204101906342,1.8176395033492523,0.27272727272727271,1.825937523986354
499,0.25170068037347731,1.8177205843179405,0.27272727272727271,1.8258093306512544
500,0.25510204091769495,1.8157124616661851,0.27272727272727271,1.8256546042182229
501,0.25510204091769495,1.8196845735822404,0.27272727272727271,1.8257008935465957
502,0.25510204091769495,1.8169089239470813,0.27272727272727271,1.8260299147981587
503,0.2482993198292596,1.8184122422925468,0.27272727272727271,1.8265786568323772
504,0.25510204091769495,1.8189931061803077,0.27272727272727271,1.8270036668488474
505,0.25170068037347731,1.8179836419163917,0.27272727272727271,1.8273061947389082
506,0.25170068037347731,1.8193197363898868,0.27272727272727271,1.8273134990171953
507,0.25510204091769495,1.8170296456538091,0.27272727272727271,1.827845042402094
508,0.25170068027210885,1.8208089547903359,0.27272727272727271,1.827640464811614
509,0.25170068027210885,1.8183579161053611,0.27272727272727271,1.8281013676614473
510,0.25170068037347731,1.8187711806524367,0.27272727272727271,1.827987020665949
511,0.25170068067758261,1.8166229708665083,0.27272727272727271,1.8277896967801182
512,0.25170068037347731,1.815010236234081,0.27272727272727271,1.8274025375192815
513,0.25170068027210885,1.8176386567200122,0.27272727272727271,1.8275643334244236
514,0.25170068037347731,1.8159635415693529,0.27272727272727271,1.8274711189848003
515,0.25170068037347731,1.8176458181978083,0.27272727272727271,1.8276531913063743
516,0.25170068047484573,1.8199308907904592,0.27272727272727271,1.8280184521819607
517,0.2551020412218003,1.8167923745654879,0.27272727272727271,1.8281208168376575
518,0.25170068027210885,1.8176666449527352,0.27272727272727271,1.8282762332396074
519,0.25170068037347731,1.8150381166107801,0.27272727272727271,1.8288869713291978
520,0.25170068027210885,1.8167654121814132,0.27272727272727271,1.8289654327161384
521,0.25170068037347731,1.8187743457807164,0.27272727272727271,1.8287639690167976
522,0.25170068047484573,1.8161115922084472,0.27272727272727271,1.8288924007704763
523,0.25170068047484573,1.818378701501963,0.27272727272727271,1.8289341167970137
524,0.25170068047484573,1.8211199750705642,0.27272727272727271,1.8283689961288914
525,0.25170068047484573,1.8208358612190298,0.27272727272727271,1.8281815052032471
526,0.25510204081632654,1.8135642202533022,0.27272727272727271,1.8281309207280476
527,0.25170068037347731,1.8173133759271531,0.27272727272727271,1.8280134995778401
528,0.25170068037347731,1.8180486912630043,0.27272727272727271,1.8280139619653875
529,0.25170068037347731,1.8154672311276805,0.27272727272727271,1.8279373248418171
530,0.25170068027210885,1.8183152675628662,0.27272727272727271,1.8275452310388738
531,0.25170068067758261,1.8197064570018224,0.27272727272727271,1.8273475675871877
532,0.25170068067758261,1.8176152608832534,0.27272727272727271,1.8272987893133452
533,0.25170068047484573,1.8177052128071687,0.27272727272727271,1.8268136364040952
534,0.25510204091769495,1.8177584109663152,0.27272727272727271,1.8267647894946011
535,0.25170068047484573,1.8180775772146627,0.27272727272727271,1.8266519741578535
536,0.25170068027210885,1.8193404779953211,0.27272727272727271,1.8264967853372747
537,0.25170068037347731,1.8199179853711809,0.27272727272727271,1.8260485042225232
538,0.25170068027210885,1.8216321484572222,0.27272727272727271,1.8255133159232861
539,0.25170068037347731,1.8170267530039055,0.27272727272727271,1.8257364757133252
540,0.25510204081632654,1.8173704025696735,0.27272727272727271,1.8258836016510471
541,0.25170068037347731,1.8150706761548308,0.27272727272727271,1.8260079983508948
542,0.25170068037347731,1.818557241336018,0.27272727272727271,1.8263626423749058
543,0.25170068037347731,1.8166201974258942,0.27272727272727271,1.8258703983191289
544,0.25170068047484573,1.8182596868398238,0.27272727272727271,1.8252074790723396
545,0.25170068047484573,1.8176340067467722,0.27272727272727271,1.8249593900911736
546,0.25170068047484573,1.8203368324811766,0.27272727272727271,1.8247648188562104
547,0.25170068047484573,1.81787624975451,0.27272727272727271,1.8251449230945471
548,0.25170068037347731,1.8130171063805924,0.27272727272727271,1.8251762390136719
549,0.25170068037347731,1.8180138253841271,0.27272727272727271,1.8255441513928501
550,0.25170068047484573,1.819586572192964,0.27272727272727271,1.825474323648395
551,0.25170068047484573,1.8201401014717258,0.27272727272727271,1.8258238380605525
552,0.25170068047484573,1.8167809337174812,0.27272727272727271,1.8258387645085652
553,0.25170068047484573,1.8181875052095271,0.27272727272727271,1.8259990143053459
554,0.25170068047484573,1.8189308424385227,0.27272727272727271,1.8258898041465066
555,0.25170068027210885,1.8160427054580377,0.27272727272727271,1.826427232135426
556,0.25170068037347731,1.8181609199160622,0.27272727272727271,1.8267541798678311
557,0.25170068047484573,1.8156890009536224,0.27272727272727271,1.8270743543451482
558,0.25170068037347731,1.8148229819576756,0.27272727272727271,1.826997894229311
559,0.25170068047484573,1.8146652340078029,0.27272727272727271,1.8275538791309704
560,0.25170068027210885,1.8167407285599482,0.27272727272727271,1.827985041069262
561,0.25170068047484573,1.8193568023694615,0.27272727272727271,1.8283064798875288
562,0.25170068027210885,1.8196227550506592,0.27272727272727271,1.8282093243165449
563,0.25170068027210885,1.8173251654826055,0.27272727272727271,1.8279954556262854
564,0.25170068037347731,1.8152366852273747,0.27272727272727271,1.8279671741254402
565,0.25170068037347731,1.8154839285376931,0.27272727272727271,1.8276808912103826
566,0.25170068047484573,1.8146257384293745,0.27272727272727271,1.8272167335857044
567,0.25170068037347731,1.8182851887073646,0.27272727272727271,1.8267950939409661
568,0.25170068027210885,1.8156058561234247,0.27272727272727271,1.8262635758428862
569,0.25170068027210885,1.8140386934994028,0.27272727272727271,1.8257940032265403
570,0.25510204091769495,1.816224495569865,0.27272727272727271,1.8257430213870425
571,0.25170068037347731,1.8188415968499216,0.27272727272727271,1.8262534719524961
572,0.25170068037347731,1.8134188741242805,0.27272727272727271,1.8266604235678008
573,0.25170068027210885,1.814743728053813,0.27272727272727271,1.8268514040744666
574,0.25170068047484573,1.8160260258888712,0.27272727272727271,1.8270741376009854
575,0.25170068047484573,1.8189207907436655,0.27272727272727271,1.826587438583374
576,0.25170068037347731,1.8143643246216028,0.27272727272727271,1.8264426859942349
577,0.25170068047484573,1.819002592644724,0.27272727272727271,1.8260043028629187
578,0.25170068027210885,1.818047961410211,0.27272727272727271,1.8255256920149832
579,0.25170068047484573,1.8182624432505394,0.27272727272727271,1.8256122632460161
580,0.25170068027210885,1.8125455557894545,0.27272727272727271,1.8255093242182876
581,0.25170068027210885,1.8165807448276856,0.27272727272727271,1.8258992072307703
582,0.25170068027210885,1.8179311160327627,0.27272727272727271,1.8258538896387273
583,0.25170068037347731,1.8175868671767565,0.27272727272727271,1.8256017872781465
584,0.25170068027210885,1.8150533575589964,0.27272727272727271,1.8253954612847529
585,0.25170068047484573,1.8177687100001745,0.27272727272727271,1.8253954215483232
586,0.25170068067758261,1.8166296847012577,0.27272727272727271,1.8250985470685093
587,0.25170068047484573,1.8159195841575155,0.27272727272727271,1.8250806765122847
588,0.25170068027210885,1.8166299888065882,0.27272727272727271,1.8247468254782937
589,0.25170068047484573,1.8152082858442449,0.27272727272727271,1.8241683931061716
590,0.25170068027210885,1.8163617322234069,0.27272727272727271,1.8238397005832556
591,0.25170068027210885,1.8150306964407161,0.27272727272727271,1.8237941517974392
592,0.25510204101906342,1.8127718880063011,0.27272727272727271,1.8239315567594585
593,0.25170068037347731,1.8151694244267988,0.27272727272727271,1.8238511988610933
594,0.25170068027210885,1.8144328772616225,0.27272727272727271,1.8240154042388455
595,0.25510204091769495,1.8148065505384587,0.27272727272727271,1.8240700165430705
596,0.25170068037347731,1.8152396824895118,0.27272727272727271,1.8244357650930232
597,0.25170068037347731,1.8142784371667979,0.27272727272727271,1.8251745267347856
598,0.25170068047484573,1.8156530938180937,0.27272727272727271,1.8258638743198279
599,0.2551020412218003,1.8147643115244756,0.27272727272727271,1.8254833474303738
600,0.25170068037347731,1.8161121274338288,0.27272727272727271,1.8253509564833208
601,0.25170068037347731,1.8146856593436935,0.27272727272727271,1.8248398556853787
602,0.25170068027210885,1.8156743617284865,0.27272727272727271,1.8246002052769517
603,0.25170068047484573,1.8168594115445402,0.27272727272727271,1.8242518576708706
604,0.25170068037347731,1.8142777283986409,0.27272727272727271,1.8242903478217847
605,0.25170068027210885,1.8140877542041598,0.27272727272727271,1.824589729309082
606,0.25170068037347731,1.8154106642924199,0.27272727272727271,1.8249564676573782
607,0.25170068047484573,1.813733189284396,0.27272727272727271,1.8251754442850749
608,0.25170068027210885,1.815049831559058,0.27272727272727271,1.8254716721448032
609,0.25170068037347731,1.8141325201307024,0.27272727272727271,1.8258045080936316
610,0.25170068047484573,1.814832397869655,0.27272727272727271,1.8260405208125259
611,0.25170068037347731,1.816198357108499,0.27272727272727271,1.8260080344749219
612,0.25170068037347731,1.8155664181222722,0.27272727272727271,1.8258907975572529
613,0.25170068047484573,1.8156316856137749,0.27272727272727271,1.8259474075201787
614,0.25170068027210885,1.8157099550273144,0.27272727272727271,1.825819882479581
615,0.25170068037347731,1.8183008505373586,0.27272727272727271,1.8251223239031704
616,0.25170068027210885,1.8152395024591563,0.27272727272727271,1.8248657349384192
617,0.25170068027210885,1.8159932619860384,0.27272727272727271,1.8253372365778142
618,0.25170068027210885,1.8163511120543188,0.27272727272727271,1.8258632385369502
619,0.25170068037347731,1.8142903289016412,0.27272727272727271,1.8261065013480908
620,0.25170068047484573,1.8151005879551374,0.27272727272727271,1.8266512083284783
621,0.25170068037347731,1.815893721418316,0.27272727272727271,1.8267704465172507
622,0.25170068047484573,1.8140192940121604,0.27272727272727271,1.8265196771332712
623,0.25170068037347731,1.8168984075792793,0.27272727272727271,1.826220523227345
624,0.25170068037347731,1.8145535478786545,0.27272727272727271,1.8264227166320339
625,0.25170068037347731,1.8153291835265906,0.27272727272727271,1.8271580826152454
626,0.25170068047484573,1.816364776520502,0.27272727272727271,1.8271163991003325
627,0.25170068037347731,1.8144464557673656,0.27272727272727271,1.8265958049080588
628,0.25170068047484573,1.8147945452709586,0.27272727272727271,1.8261560996373494
629,0.25170068037347731,1.816459219471938,0.27272727272727271,1.8263744585441821
630,0.25170068047484573,1.8128040436984731,0.27272727272727271,1.8265570293773303
631,0.25170068037347731,1.8152705163371807,0.27272727272727271,1.8267436280395046
632,0.25510204101906342,1.8147218130072769,0.27272727272727271,1.8265208258773342
633,0.25170068047484573,1.8134310034667553,0.27272727272727271,1.8261983611366965
634,0.25170068037347731,1.8139191906468397,0.27272727272727271,1.8261583573890454
635,0.25170068027210885,1.8161182192718091,0.27272727272727271,1.8256001183480928
636,0.25510204091769495,1.8117093277626297,0.27272727272727271,1.82569132790421
637,0.25170068037347731,1.8181056197808714,0.27272727272727271,1.8256814154711636
638,0.25170068047484573,1.8172555488794029,0.27272727272727271,1.8252494118430398
639,0.25170068047484573,1.8138109721294067,0.27272727272727271,1.825102535161105
640,0.25170068037347731,1.8144523610874099,0.27272727272727271,1.8251951643914888
641,0.25170068067758261,1.8136612801324754,0.27272727272727271,1.8248827638048115
642,0.25170068027210885,1.8137914550547698,0.27272727272727271,1.8244806130727131
643,0.25170068047484573,1.8147951486159344,0.27272727272727271,1.8243474129474524
644,0.25170068047484573,1.8157568075218979,0.27272727272727271,1.8239939646287398
645,0.25170068037347731,1.8155989752334802,0.27272727272727271,1.823554439978166
646,0.25170068037347731,1.81211857244271,0.27272727272727271,1.8233846426010132
647,0.25170068027210885,1.817026475659844,0.27272727272727271,1.8229243972084739
648,0.25170068047484573,1.8143660478851422,0.27272727272727271,1.822754650404959
649,0.25170068047484573,1.8148143372568144,0.27272727272727271,1.8225123990665784
650,0.25170068047484573,1.8151677230588432,0.27272727272727271,1.8224635774439031
651,0.25170068037347731,1.8138764115417896,0.27272727272727271,1.8219750613877268
652,0.25170068027210885,1.8123325393313454,0.27272727272727271,1.8215168317159016
653,0.25170068027210885,1.8167275879658809,0.27272727272727271,1.8212987473516753
654,0.25170068047484573,1.8201488005060729,0.27272727272727271,1.8214875351298938
655,0.25170068027210885,1.8146696058260341,0.27272727272727271,1.8210875988006592
656,0.25170068047484573,1.8172889153162639,0.27272727272727271,1.8208625461115981
657,0.25170068037347731,1.8166469854562461,0.27272727272727271,1.82085721059279
658,0.25170068037347731,1.8146852863078216,0.27272727272727271,1.8206097935185288
659,0.25170068037347731,1.8156171477570826,0.27272727272727271,1.820870533133998
660,0.26190476190476192,1.8148413612729026,0.27272727272727271,1.8206952557419285
661,0.25850340146191264,1.8137028549804168,0.27272727272727271,1.8204440384200125
662,0.25170068047484573,1.8140901902905937,0.27272727272727271,1.8204399600173489
663,0.2551020412218003,1.81481058500251,0.27272727272727271,1.820731936079083
664,0.25510204101906342,1.8137419385974909,0.27272727272727271,1.8210236375982112
665,0.25170068047484573,1.8149550788256588,0.27272727272727271,1.8212713183778706
666,0.25170068037347731,1.8166319837375564,0.27272727272727271,1.8209537267684937
667,0.25170068047484573,1.8131604502801182,0.27272727272727271,1.8207362456755205
668,0.25170068047484573,1.8135359595422031,0.27272727272727271,1.8208914236588911
669,0.25170068047484573,1.8141231228705166,0.27272727272727271,1.8211012175588897
670,0.25170068027210885,1.8120656232444607,0.27272727272727271,1.8216864701473352
671,0.25170068027210885,1.8150581486371098,0.27272727272727271,1.8221352750604802
672,0.25170068027210885,1.8160367044461827,0.27272727272727271,1.8223059538638953
673,0.25170068027210885,1.8150795706275369,0.27272727272727271,1.8221975203716394
674,0.25170068047484573,1.8162848373659615,0.27272727272727271,1.8222935416481711
675,0.25170068027210885,1.8155922038214547,0.27272727272727271,1.8224748300783562
676,0.25510204081632654,1.8161468684267836,0.27272727272727271,1.8226507251912898
677,0.25170068027210885,1.8143605723672984,0.27272727272727271,1.8225283297625454
678,0.25170068037347731,1.8163049642731544,0.27272727272727271,1.8224158792784719
679,0.25510204101906342,1.8117323854342611,0.27272727272727271,1.8217841675787261
680,0.25170068037347731,1.8126623176393055,0.27272727272727271,1.8215618061296868
681,0.25170068037347731,1.8116132207468254,0.27272727272727271,1.8217454173348167
682,0.25170068047484573,1.8149303935822987,0.27272727272727271,1.8220023892142556
683,0.25170068047484573,1.8132510031161666,0.27272727272727271,1.8217476172880693
684,0.25170068108305638,1.8150535765148343,0.27272727272727271,1.8214967323072029
685,0.25170068027210885,1.8119729992483748,0.27272727272727271,1.8213417493935786
686,0.25170068037347731,1.8139567261650449,0.27272727272727271,1.8206690441478381
687,0.25170068047484573,1.8132250325209429,0.27272727272727271,1.819991364623561
688,0.25170068047484573,1.8149565790786224,0.27272727272727271,1.8194886048634846
689,0.25170068027210885,1.8135084294948449,0.27272727272727271,1.8192642096317175
690,0.25170068047484573,1.814290467573672,0.27272727272727271,1.819260091492624
691,0.25510204091769495,1.812035770643325,0.27272727272727271,1.8190474690813008
692,0.25170068047484573,1.8156927069839166,0.27272727272727271,1.8186702222535105
693,0.25510204081632654,1.8158226142935201,0.27272727272727271,1.8189004009420222
694,0.25170068047484573,1.8126934555923047,0.27272727272727271,1.819456028215813
695,0.25510204101906342,1.8133659297917164,0.27272727272727271,1.8198252338351626
696,0.25510204101906342,1.812634364277327,0.27272727272727271,1.8202288150787354
697,0.25170068027210885,1.8117593778233949,0.27272727272727271,1.8201204682841445
698,0.25510204081632654,1.8140667960757302,0.27272727272727271,1.8196407664905896
699,0.25170068037347731,1.8135159972573625,0.27272727272727271,1.8195479132912376
700,0.25510204081632654,1.8125986817742692,0.27272727272727271,1.8199428645047275
701,0.25510204091769495,1.8144192533428167,0.27272727272727271,1.8202953591491238
702,0.25510204101906342,1.8162767627612264,0.27272727272727271,1.8205602169036865
703,0.25170068027210885,1.8112334978012812,0.27272727272727271,1.8209729628129439
704,0.25170068027210885,1.8147264629805169,0.27272727272727271,1.8207799304615369
705,0.25170068027210885,1.8134501175004609,0.27272727272727271,1.8206557360562412
706,0.25170068027210885,1.8128395956389758,0.27272727272727271,1.8209312251119902
707,0.25170068027210885,1.812626838684082,0.27272727272727271,1.8210914604591601
708,0.25170068047484573,1.8137661948495982,0.27272727272727271,1.8208070415439028
709,0.25170068037347731,1.8098997818369444,0.27272727272727271,1.8207578586809563
710,0.25170068067758261,1.8158149913865693,0.27272727272727271,1.8204194560195461
711,0.25170068067758261,1.81124421366218,0.27272727272727271,1.8201545332417344
712,0.25170068027210885,1.8125236423648134,0.27272727272727271,1.8202015847870798
713,0.25170068037347731,1.810876303789567,0.27272727272727271,1.8200975042400938
714,0.25170068067758261,1.8118407523550955,0.27272727272727271,1.8201208873228594
715,0.25170068067758261,1.8134294107657711,0.27272727272727271,1.8201077562389951
716,0.25170068047484573,1.809651804619095,0.27272727272727271,1.8202890338319722
717,0.25170068027210885,1.8126361467400376,0.27272727272727271,1.8206515312194824
718,0.25170068027210885,1.8124376154270301,0.27272727272727271,1.8208679791652795
719,0.25170068047484573,1.8097807923141791,0.27272727272727271,1.8209033843242761
720,0.25170068037347731,1.8110560519354684,0.27272727272727271,1.8206720099304661
721,0.25510204091769495,1.8140789829954809,0.27272727272727271,1.8202855803749778
722,0.25170068047484573,1.8127365371807902,0.27272727272727271,1.8199811668107004
723,0.25170068047484573,1.8115182441919029,0.27272727272727271,1.8200067462343159
724,0.25170068037347731,1.8111794205749927,0.27272727272727271,1.8201382593675093
725,0.25170068067758261,1.8129204746817245,0.27272727272727271,1.8199065309582334
726,0.25170068047484573,1.8123588440369587,0.27272727272727271,1.8196135470361421
727,0.25170068027210885,1.8125550649604019,0.27272727272727271,1.8197878526918816
728,0.25510204091769495,1.8147470780781336,0.27272727272727271,1.8201046315106479
729,0.25170068037347731,1.8095914255194112,0.27272727272727271,1.819921410445011
730,0.25170068037347731,1.8135259102801888,0.27272727272727271,1.8196691274642944
731,0.25170068037347731,1.8117907468964454,0.27272727272727271,1.819354772567749
732,0.25510204081632654,1.8125489309531491,0.27272727272727271,1.8198908603552617
733,0.25170068037347731,1.8101958839260801,0.27272727272727271,1.8197452660762903
734,0.25510204091769495,1.8145257777908221,0.27272727272727271,1.8191001595872822
735,0.25170068037347731,1.8118838096151546,0.27272727272727271,1.8187537699034719
736,0.25170068037347731,1.8106234138514721,0.27272727272727271,1.8187363075487541
737,0.25510204081632654,1.8133183725837136,0.27272727272727271,1.819339354832967
738,0.25170068037347731,1.812550613669311,0.27272727272727271,1.8198513045455471
739,0.25510204101906342,1.8133881351574748,0.27272727272727271,1.8196027820760554
740,0.25170068027210885,1.8090087426763002,0.27272727272727271,1.8197418053944905
741,0.25510204101906342,1.8105709763611255,0.27272727272727271,1.8197859092192217
742,0.25170068047484573,1.8093362178932242,0.27272727272727271,1.8196910005627256
743,0.25170068027210885,1.8104882840396597,0.27272727272727271,1.8193687056050156
744,0.25510204081632654,1.8099512761952925,0.27272727272727271,1.8191462032722705
745,0.25850340136054423,1.8136167461369312,0.27272727272727271,1.8189788695537683
746,0.25510204091769495,1.8127389854314375,0.27272727272727271,1.8191366087306629
747,0.25850340146191264,1.810259909856887,0.27272727272727271,1.8194177295222427
748,0.25850340156328111,1.81160433924928,0.27272727272727271,1.8191571813641172
749,0.25510204081632654,1.8109667901279165,0.27272727272727271,1.819246277664647
750,0.25510204081632654,1.8145837605405015,0.27272727272727271,1.8193800268751201
751,0.25170068047484573,1.808860175463618,0.27272727272727271,1.8196640412012737
752,0.25170068027210885,1.8140090347147313,0.27272727272727271,1.8198129480535334
753,0.25510204091769495,1.8090776342923949,0.27272727272727271,1.8196015791459517
754,0.25170068037347731,1.808994705174245,0.27272727272727271,1.8198883930842082
755,0.25170068037347731,1.8104213500509456,0.27272727272727271,1.8200662714062315
756,0.25850340156328111,1.81128728714119,0.27272727272727271,1.8196979147015195
757,0.25170068027210885,1.8101384169390413,0.27272727272727271,1.8194713231289026
758,0.25170068047484573,1.8106548769944379,0.27272727272727271,1.8192622769962659
759,0.25170068047484573,1.8100007731898302,0.27272727272727271,1.8187951210773352
760,0.25170068037347731,1.8110067438917095,0.27272727272727271,1.8184886701179273
761,0.25510204081632654,1.8139797578863546,0.27272727272727271,1.8186337405985051
762,0.25510204081632654,1.8121733049146171,0.27272727272727271,1.81816544677272
763,0.26190476200613033,1.8103980174680956,0.27272727272727271,1.8177868019450794
764,0.26190476190476192,1.811028509723897,0.27272727272727271,1.8172928022615837
765,0.25510204081632654,1.8135144929496609,0.27272727272727271,1.8171984137910786
766,0.25170068027210885,1.8102314293790025,0.27272727272727271,1.8169227332779856
767,0.26190476200613033,1.8080145899130373,0.27272727272727271,1.8165666948665271
768,0.25510204091769495,1.812417829928755,0.27272727272727271,1.8161287090995095
769,0.25170068047484573,1.8081656069982619,0.27272727272727271,1.8156405181595774
770,0.25510204091769495,1.8095998358564311,0.27272727272727271,1.815388094295155
771,0.26530612265171649,1.8098714513843561,0.27272727272727271,1.8148702997149844
772,0.26530612255034802,1.8068145116170247,0.27272727272727271,1.8145695888634883
773,0.25510204081632654,1.8088671431249501,0.27272727272727271,1.8147751020662712
774,0.26190476200613033,1.8078478793708646,0.27272727272727271,1.8148320588198574
775,0.25170068027210885,1.8095307625880859,0.27272727272727271,1.8152446530082009
776,0.25850340156328111,1.8068359417169273,0.27272727272727271,1.8156286947654956
777,0.2482993198292596,1.8116085740173755,0.27272727272727271,1.8161308223550969
778,0.2687074829931973,1.805295280858773,0.27272727272727271,1.8162189649813103
779,0.26870748309456571,1.8062381517319452,0.27272727272727271,1.8165040810902913
780,0.25850340146191264,1.8090095122655232,0.27272727272727271,1.8165291836767485
781,0.25170068027210885,1.8105725893357985,0.27272727272727271,1.8170075488812996
782,0.25850340136054423,1.8104005605996061,0.27272727272727271,1.8168598774707678
783,0.25510204091769495,1.808570738552379,0.27272727272727271,1.8165807615626941
784,0.25850340146191264,1.8102623459433211,0.27272727272727271,1.8166052861647173
785,0.25510204101906342,1.8080404956324572,0.27272727272727271,1.8165070288109058
786,0.25510204091769495,1.8097423250172413,0.27272727272727271,1.8165866642287283
787,0.25850340156328111,1.8082963187678331,0.27272727272727271,1.8160185561035618
788,0.25850340176601799,1.8095359429210223,0.27272727272727271,1.8161788817607996
789,0.25510204091769495,1.809665871315262,0.27272727272727271,1.8164054046977649
790,0.25510204101906342,1.8090478595422239,0.27272727272727271,1.8167944893692478
791,0.25170068037347731,1.808675690573089,0.27272727272727271,1.817243684421886
792,0.25510204081632654,1.8107645681926183,0.27272727272727271,1.8172460324836499
793,0.25170068037347731,1.8097084298425792,0.27272727272727271,1.8168898965373184
794,0.25170068037347731,1.8087637392031093,0.27272727272727271,1.8163469126730254
795,0.25510204081632654,1.8070668541655248,0.27272727272727271,1.8159640232721965
796,0.25510204091769495,1.8136590565142989,0.27272727272727271,1.8159442417549365
797,0.25170068047484573,1.8093377270666109,0.27272727272727271,1.8158695986776641
798,0.26530612265171649,1.8074529025019432,0.27272727272727271,1.8158350713325269
799,0.26190476200613033,1.8099960680721567,0.27272727272727271,1.81550154541478
800,0.25510204081632654,1.8062775394543498,0.27272727272727271,1.815773819432114
801,0.25510204081632654,1.8074171851281406,0.27272727272727271,1.8159251393693867
802,0.26190476200613033,1.8063404908796556,0.27272727272727271,1.8161241574720903
803,0.25510204091769495,1.8075892503569726,0.27272727272727271,1.8165127327947905
804,0.25510204091769495,1.8054436956133162,0.27272727272727271,1.8163762526078657
805,0.25510204091769495,1.8086391849582697,0.27272727272727271,1.8163620197411738
806,0.25850340146191264,1.8068863194005018,0.27272727272727271,1.8158181183265918
807,0.26190476200613033,1.8071602445070436,0.27272727272727271,1.8152500174262307
808,0.25850340156328111,1.8103462465766336,0.27272727272727271,1.8146777405883328
809,0.2755102041830011,1.807253818122708,0.27272727272727271,1.8141463344747371
810,0.26870748309456571,1.8116014247037926,0.27272727272727271,1.8138622370633213
811,0.26530612244897961,1.8063415370019926,0.27272727272727271,1.8140084490631565
812,0.26190476190476192,1.8087622843632081,0.27272727272727271,1.8146599025437327
813,0.25850340156328111,1.8070775343447316,0.27272727272727271,1.814951195861354
814,0.25170068027210885,1.8105231677593827,0.27272727272727271,1.8147661505323467
815,0.26530612265171649,1.8091970000948225,0.27272727272727271,1.8142856251109729
816,0.26190476200613033,1.8086282120269983,0.27272727272727271,1.8139104734767566
817,0.26530612265171649,1.8098102070036388,0.27272727272727271,1.8135399421056111
818,0.27891156472721879,1.8076654283367857,0.27272727272727271,1.8132129871484004
819,0.27891156462585032,1.8105555797109798,0.27272727272727271,1.81331759149378
820,0.2687074829931973,1.810113710611045,0.27272727272727271,1.8135707956371885
821,0.27210884353741499,1.8059686835931272,0.27272727272727271,1.813841133406668
822,0.25170068037347731,1.8104117208597612,0.27272727272727271,1.8137357849063296
823,0.25850340136054423,1.8074275717443349,0.27272727272727271,1.8139399687449138
824,0.25510204081632654,1.806328874056031,0.27272727272727271,1.8141880974625095
825,0.25850340136054423,1.8058084695517611,0.27272727272727271,1.814142649823969
826,0.25170068037347731,1.8071522493751682,0.27272727272727271,1.8140539039265027
827,0.2619047621074988,1.8048268313310585,0.27272727272727271,1.8142457839214441
828,0.2721088436387834,1.8069910524653741,0.27272727272727271,1.8140528671669238
829,0.28231292537280489,1.8068970628336174,0.27272727272727271,1.8139577453786677
830,0.25510204091769495,1.8060087533224196,0.27272727272727271,1.8140124877293904
831,0.27210884374015187,1.8079331910529104,0.27272727272727271,1.8140743934746943
832,0.26530612244897961,1.808552782551772,0.27272727272727271,1.8143193974639431
833,0.26530612255034802,1.8073804573136933,0.27272727272727271,1.8142740762594975
834,0.26870748309456571,1.8104948973169133,0.27272727272727271,1.814322540254304
835,0.25510204091769495,1.8072645226303412,0.27272727272727271,1.8143518260031035
836,0.27210884353741499,1.805304545123561,0.27272727272727271,1.8144348751414905
837,0.25850340176601799,1.8104535900816625,0.27272727272727271,1.8145208069772432
838,0.25510204081632654,1.8069126987132897,0.27272727272727271,1.8145924047990278
839,0.25170068037347731,1.8057432093587862,0.27272727272727271,1.814452836007783
840,0.25170068037347731,1.8056894970588944,0.27272727272727271,1.8143347429506707
841,0.27551020428436956,1.8064951215471541,0.27272727272727271,1.8141789075100061
842,0.2619047621074988,1.8079579330625988,0.27272727272727271,1.8137707638018059
843,0.25170068027210885,1.8077393494495728,0.27272727272727271,1.8137303843642727
844,0.25170068027210885,1.8095803504087487,0.27272727272727271,1.8130638924511997
845,0.26190476190476192,1.808318566302864,0.27272727272727271,1.8126964171727498
846,0.25510204081632654,1.808948632000255,0.27272727272727271,1.8123684001691414
847,0.27210884434836252,1.8061409191209443,0.27272727272727271,1.8121960271488537
848,0.26530612255034802,1.8080523938548809,0.27272727272727271,1.8120178417725996
849,0.26190476200613033,1.8083440349215554,0.27272727272727271,1.8119978904724121
850,0.25510204081632654,1.8094888236246953,0.27272727272727271,1.8120271689964063
851,0.25510204101906342,1.8050777563432447,0.27272727272727271,1.8122806260080049
852,0.25510204091769495,1.8052426114374278,0.27272727272727271,1.812893108888106
853,0.25510204091769495,1.8086097345871179,0.27272727272727271,1.8136567310853438
854,0.25850340146191264,1.8066878837793052,0.27272727272727271,1.8134721951051191
855,0.26190476200613033,1.810676284387809,0.27272727272727271,1.8137323278369326
856,0.26870748339867107,1.8055124007114747,0.27272727272727271,1.8134141690803296
857,0.26530612255034802,1.8031752669081396,0.27272727272727271,1.813149434147459
858,0.26190476200613033,1.8092074037409154,0.27272727272727271,1.8129171241413464
859,0.25850340146191264,1.8060943123434676,0.27272727272727271,1.812679157112584
860,0.26190476190476192,1.8056311396514477,0.27272727272727271,1.8129993352023037
861,0.25510204101906342,1.8076557091304235,0.27272727272727271,1.8130213166728164
862,0.25850340146191264,1.8023312627052774,0.27272727272727271,1.813150647914771
863,0.25850340156328111,1.8105011789166197,0.27272727272727271,1.813379446665446
864,0.25510204101906342,1.8051628239300785,0.27272727272727271,1.8137766231190076
865,0.25510204091769495,1.805049172064074,0.27272727272727271,1.8143050020391291
866,0.25510204091769495,1.8071701607736601,0.27272727272727271,1.8141092170368542
867,0.25510204101906342,1.806151498742655,0.27272727272727271,1.814200354344917
868,0.25510204081632654,1.8025239681711003,0.27272727272727271,1.8136432279240002
869,0.25850340146191264,1.8052923030593768,0.27272727272727271,1.8130540378165967
870,0.26870748319593418,1.8091387408120292,0.27272727272727271,1.8127047365361995
871,0.2687074829931973,1.8071733169815167,0.27272727272727271,1.8126277237227468
872,0.25850340136054423,1.8052697587175435,0.27272727272727271,1.8123527440157803
873,0.26870748309456571,1.8050366680638319,0.27272727272727271,1.8116219079855718
874,0.26190476200613033,1.8044530664171492,0.27272727272727271,1.8110927018252285
875,0.25510204081632654,1.8041794575801513,0.27272727272727271,1.8108458988594287
876,0.27891156472721879,1.8061492207909928,0.27272727272727271,1.8108615477879841
877,0.25850340136054423,1.8080685154921343,0.27272727272727271,1.8110595724799416
878,0.28911564646124027,1.8033259433953941,0.27272727272727271,1.8107303706082432
879,0.29251700700545796,1.8036208428493163,0.27272727272727271,1.8101789951324463
880,0.27210884353741499,1.807102615330495,0.27272727272727271,1.810154018980084
881,0.27551020408163263,1.8029141863998102,0.27272727272727271,1.8100508017973467
882,0.2721088436387834,1.8076629735985581,0.27272727272727271,1.8095153281182954
883,0.29591836744830724,1.8083111745159641,0.27272727272727271,1.809045191967126
884,0.30272108853674257,1.8035066322404512,0.27272727272727271,1.809474078091708
885,0.28231292517006801,1.8020870344979423,0.27272727272727271,1.8098803650249133
886,0.28231292527143648,1.8046584461821991,0.27272727272727271,1.8099776939912275
887,0.27210884374015187,1.8075766822918742,0.27272727272727271,1.810378858537385
888,0.2789115648285872,1.8047915397047185,0.27272727272727271,1.8106098572413127
889,0.26530612244897961,1.8066153234365034,0.27272727272727271,1.8107919223380811
890,0.25850340146191264,1.8062547891318392,0.27272727272727271,1.8107637239224983
891,0.2619047621074988,1.8030973389035179,0.27272727272727271,1.8110391082185688
892,0.25510204091769495,1.8026515529269265,0.27272727272727271,1.8112290158416287
893,0.26530612244897961,1.7992306899051278,0.27272727272727271,1.8110577409917659
894,0.26530612255034802,1.8048549322854905,0.27272727272727271,1.811174143444408
895,0.25510204091769495,1.80586614819611,0.27272727272727271,1.8116666945544155
896,0.26870748319593418,1.8047996710757821,0.27272727272727271,1.8117566758936101
897,0.26530612244897961,1.8039640520705658,0.27272727272727271,1.8114513736782651
898,0.25850340156328111,1.8047465215734884,0.27272727272727271,1.8111866676446162
899,0.2687074829931973,1.8002207830649655,0.27272727272727271,1.8105765833999172
900,0.26190476200613033,1.8048859583277281,0.27272727272727271,1.8107276576938052
901,0.26190476190476192,1.8043948371394152,0.27272727272727271,1.8112992734620066
902,0.27210884353741499,1.8066154726508523,0.27272727272727271,1.8115170796712239
903,0.26190476231023568,1.8071642797820422,0.27272727272727271,1.8115946921435269
904,0.25850340146191264,1.8037448951176234,0.27272727272727271,1.8110665480295818
905,0.26530612265171649,1.8023721149989538,0.27272727272727271,1.8106842944116304
906,0.25510204081632654,1.8055028704558911,0.27272727272727271,1.810578425725301
907,0.2619047621074988,1.8043674400874548,0.27272727272727271,1.810300097321019
908,0.2687074829931973,1.8039740413224616,0.27272727272727271,1.8099408583207564
909,0.25850340136054423,1.8060819770203156,0.27272727272727271,1.8099758480534409
910,0.2619047621074988,1.8008853724213685,0.27272727272727271,1.8103091102657896
911,0.2687074829931973,1.8009908848068341,0.27272727272727271,1.8108013218099421
912,0.25850340156328111,1.8035076280840401,0.27272727272727271,1.8107633843566433
913,0.2687074829931973,1.8002104824092113,0.27272727272727271,1.8102425011721524
914,0.26190476190476192,1.8011782631582143,0.27272727272727271,1.8098531925317012
915,0.25850340156328111,1.8001802251452492,0.27272727272727271,1.8096673271872781
916,0.25170068037347731,1.8030437344596499,0.27272727272727271,1.8094417506998235
917,0.26190476200613033,1.8054612250555129,0.27272727272727271,1.8092380509232029
918,0.27551020428436956,1.8050481583796392,0.27272727272727271,1.808695016485272
919,0.25850340146191264,1.8043922437291566,0.27272727272727271,1.8086157386953181
920,0.25850340136054423,1.8057725105155893,0.27272727272727271,1.8087487112392078
921,0.25510204081632654,1.8035587307547225,0.27272727272727271,1.8086732120224924
922,0.27210884353741499,1.8018763081557085,0.27272727272727271,1.8084386117530591
923,0.28231292537280489,1.8029510820804,0.27272727272727271,1.8081719514095422
924,0.28911564646124027,1.8021889576295607,0.27272727272727271,1.808030897920782
925,0.28911564635987186,1.7995527828631759,0.27272727272727271,1.8081538930083767
926,0.28571428591702258,1.8000332263051246,0.27272727272727271,1.8078463294289329
927,0.2721088436387834,1.8025380673051692,0.27272727272727271,1.8082826245914807
928,0.26530612265171649,1.8003873662883734,0.27272727272727271,1.808634664073135
929,0.27210884374015187,1.8033058529808408,0.27272727272727271,1.8084237394910869
930,0.26190476200613033,1.8005093327995871,0.27272727272727271,1.8078584743268562
931,0.28231292527143648,1.7993473633616961,0.27272727272727271,1.8074559623544866
932,0.2619047621074988,1.7987745732677227,0.27272727272727271,1.8072883215817539
933,0.28571428591702258,1.8001877110020643,0.27272727272727271,1.8071228121266221
934,0.27210884394288876,1.8015695769770617,0.27272727272727271,1.8066398844574436
935,0.28231292517006801,1.8007028127203182,0.27272727272727271,1.8060772274479722
936,0.28571428581565417,1.8008511926041169,0.27272727272727271,1.8054070725585476
937,0.27891156472721879,1.8052131505239577,0.27272727272727271,1.8054696718851726
938,0.28231292517006801,1.7994073783459306,0.27272727272727271,1.8053345535740708
939,0.29251700700545796,1.7997258909705545,0.27272727272727271,1.8055508389617458
940,0.26190476190476192,1.8012281923877949,0.27272727272727271,1.8059234221776326
941,0.26530612244897961,1.8032299012553936,0.27272727272727271,1.805773969852563
942,0.28911564635987186,1.7972036754192948,0.27272727272727271,1.8059668468706536
943,0.26190476190476192,1.7998052340786472,0.27272727272727271,1.8058048197717378
944,0.27551020428436956,1.7983437184573843,0.27272727272727271,1.8054246505101521
945,0.26870748309456571,1.8005486215863908,0.27272727272727271,1.8053661151365801
946,0.26870748319593418,1.8005124208878498,0.27272727272727271,1.805082577647585
947,0.28571428581565417,1.7994331989158578,0.27272727272727271,1.8049955368041992
948,0.29251700680272108,1.8011367564298668,0.27272727272727271,1.805480830597155
949,0.27891156472721879,1.8019383626730263,0.27272727272727271,1.8054991707657322
950,0.2687074829931973,1.8001560791820086,0.27272727272727271,1.8056432984092019
951,0.26530612244897961,1.8025352671032859,0.27272727272727271,1.8054678078853723
952,0.26190476200613033,1.8043694066352585,0.27272727272727271,1.805457516150041
953,0.26530612244897961,1.7998954211773515,0.27272727272727271,1.8054065595973621
954,0.26190476200613033,1.8010844778852397,0.27272727272727271,1.8053346763957629
955,0.26530612255034802,1.7976893989407285,0.27272727272727271,1.8051051226529209
956,0.26190476200613033,1.8007888323595735,0.27272727272727271,1.8053946531180181
957,0.28911564635987186,1.7949374516805012,0.27272727272727271,1.805617585326686
958,0.27210884353741499,1.8006055760545796,0.27272727272727271,1.8056298530463017
959,0.30612244938506561,1.795874150431886,0.27272727272727271,1.8053288206909641
960,0.29251700680272108,1.7961442438112636,0.27272727272727271,1.8049708857680813
961,0.28911564646124027,1.798635448728289,0.27272727272727271,1.804716251113198
962,0.29591836775241254,1.8006560267234335,0.27272727272727271,1.8038945559299353
963,0.30952380962517795,1.7997600172652679,0.27272727272727271,1.803591464505051
964,0.28911564646124027,1.7991145922213185,0.27272727272727271,1.8037342049858787
965,0.27551020428436956,1.8010622198078907,0.27272727272727271,1.8037756898186423
966,0.29251700680272108,1.796202691233888,0.27272727272727271,1.8037380955436013
967,0.2619047621074988,1.7991408369168131,0.27272727272727271,1.8035734530651208
968,0.26870748309456571,1.7971825015788176,0.27272727272727271,1.8034242933446711
969,0.25850340156328111,1.7968727958445647,0.27272727272727271,1.803465976859584
970,0.28911564706945098,1.7975503725259483,0.27272727272727271,1.8030380480217212
971,0.2857142857142857,1.7978193727480312,0.27272727272727271,1.8032820838870425
972,0.26530612244897961,1.7940569361861871,0.27272727272727271,1.8033880067594124
973,0.25850340136054423,1.7987866482767119,0.27272727272727271,1.8029818101362749
974,0.26530612265171649,1.7971667902810233,0.27272727272727271,1.8019197420640425
975,0.27551020428436956,1.7951117340399294,0.27272727272727271,1.801678484136408
976,0.2755102041830011,1.7978161930226955,0.27272727272727271,1.8012953599294026
977,0.30272108863811104,1.7997806201986715,0.27272727272727271,1.8012761094353416
978,0.30612244897959184,1.796275527298856,0.27272727272727271,1.8012585459333477
979,0.27210884374015187,1.795663139447063,0.27272727272727271,1.8014749505303123
980,0.27551020408163263,1.798302909143928,0.27272727272727271,1.8010474298939561
981,0.2755102041830011,1.797165617650869,0.27272727272727271,1.8007353580359258
982,0.2789115648285872,1.7968439488183885,0.27272727272727271,1.8012718106761123
983,0.26530612244897961,1.7951954043641383,0.27272727272727271,1.8013530030395046
984,0.26530612265171649,1.7969506314011658,0.27272727272727271,1.8010128158511538
985,0.2619047621074988,1.7940404690852783,0.27272727272727271,1.8008837049657649
986,0.27551020428436956,1.7987409002926884,0.27272727272727271,1.8008264881191831
987,0.27551020428436956,1.7968405752765888,0.27272727272727271,1.8010916204163523
988,0.2789115648285872,1.7973978365359664,0.27272727272727271,1.8011250062422319
989,0.26530612255034802,1.7972416480382283,0.27272727272727271,1.8009571089889065
990,0.26190476200613033,1.8004112178776539,0.27272727272727271,1.8013542746052598
991,0.26870748339867107,1.7940914217306643,0.27272727272727271,1.8015300938577363
992,0.2755102041830011,1.7931709776119309,0.27272727272727271,1.8013222542676059
993,0.28231292537280489,1.7950135088291297,0.27272727272727271,1.8008317839015613
994,0.2789115648285872,1.7972458138757823,0.27272727272727271,1.8006060737552065
995,0.27891156472721879,1.7958672671090989,0.27272727272727271,1.8008302414056025
996,0.25850340146191264,1.7974642215131902,0.27272727272727271,1.8008028991294629
997,0.27210884374015187,1.7950564914820146,0.27272727272727271,1.8012298201069687
998,0.27551020428436956,1.7942736278585836,0.27272727272727271,1.8015348297176939
999,0.27210884374015187,1.7974397081907103,0.27272727272727271,1.8018647974187678
